alfa 0.01
N 1000
maxNrIterations 1000
nrData 100
updateAsynch 1
xMin 0
xMax 1
dimX 5
yMin 0
yMax 1
dimY 5
data_begin
0 -0.00285714 0.00773994 -0.000879121 0.00464396 -0.0120879 0.00773994 -0.0116484 0.0108359 -0.0169231 0.0139319 -0.0164835 0.0170279 -0.0217582 0.0216718 -0.0226374 0.0232198 -0.0382418 0.0263158 -0.0435165 0.0247678 -0.0472527 0.0232198 -0.0628571 0.0216718 -0.0696703 0.0278638 -0.0749451 0.0309598 -0.0714286 0.0216718 -0.0650549 0.0216718 -0.0646154 0.0185759 -0.0701099 0.0170279 -0.0683516 0.0154799 -0.0665934 0.0154799 -0.0663736 0.0170279 -0.0643956 0.0139319 -0.0698901 0.0139319 -0.0606593 0.0123839 -0.0586813 0.0108359 -0.0569231 0.0108359 -0.0564835 0.0108359 -0.0648352 0.00928793 -0.0602198 0.0123839 -0.0657143 0.0139319 -0.063956 0.0123839 -0.0621978 0.0154799 -0.0676923 0.0154799 -0.0646154 0.0185759 -0.0584615 0.0154799 -0.0668132 0.00464396 -0.0650549 0.0123839 -0.0630769 0.0123839 -0.0716484 0.0123839 -0.0745055 0.0185759 -0.0769231 0.0201238 -0.0868132 0.0201238 -0.0982418 0.0232198 -0.0978022 0.0247678 -0.104835 0.0232198 -0.106154 0.0232198 -0.105934 0.0201238 -0.108571 0.0201238 -0.108352 0.0216718 -0.103736 0.0201238 -0.101978 0.0216718 -0.0973626 0.0263158 -0.0927473 0.0278638 -0.0967033 0.0247678 -0.0993407 0.0232198 -0.0975824 0.0216718 -0.107473 0.0185759 -0.11011 0.0201238 -0.111209 0.0232198 -0.113846 0.0170279 -0.110549 0.0201238 -0.113187 0.0232198 -0.115824 0.0247678 -0.108352 0.0232198 -0.112527 0.0232198 -0.118242 0.0201238 -0.120879 0.0232198 -0.117802 0.0170279 -0.12044 0.0154799 -0.124396 0.0154799 -0.127253 0.0123839 -0.121099 0.0108359 -0.116703 0.0108359 -0.119341 0.0139319 -0.113187 0.0139319 -0.115824 0.0170279 -0.112527 0.0201238 -0.109451 0.0139319 -0.115165 0.0123839 -0.119341 0.0139319 -0.12044 0.0170279 -0.117363 0.0139319 -0.117143 0.0185759 -0.112308 0.0123839 -0.106154 0.0154799 -0.103077 0.0154799 -0.103077 0.0123839 -0.102857 0.0139319 -0.0982418 0.0139319 -0.0951648 0.0108359 -0.089011 0.0139319 -0.0828571 0.0123839 -0.0868132 0.0108359 -0.0881319 0.0108359 -0.0938462 0.00928793 -0.0951648 0.0123839 -0.0978022 0.0123839 -0.0916484 0.0139319 -0.092967 0.0139319 -0.0958242 
0 0.24989 0.00309598 0.255824 -0.00773994 0.26044 -0.0108359 0.263516 -0.0108359 0.269451 -0.0108359 0.281099 -0.00773994 0.29011 -0.0123839 0.297582 -0.0154799 0.297582 -0.0170279 0.305275 -0.0247678 0.30967 -0.0154799 0.315604 -0.0123839 0.327473 -0.0185759 0.333626 -0.0247678 0.33978 -0.0294118 0.347253 -0.0356037 0.35033 -0.0433437 0.354725 -0.0417957 0.359341 -0.0464396 0.360879 -0.0464396 0.363956 -0.0557276 0.36989 -0.0557276 0.375824 -0.0541796 0.377363 -0.0541796 0.386374 -0.0526316 0.396703 -0.0541796 0.403956 -0.0557276 0.405495 -0.0603715 0.40989 -0.0681115 0.414286 -0.0665635 0.421978 -0.0650155 0.423516 -0.0681115 0.429451 -0.0665635 0.433846 -0.0712074 0.438462 -0.0743034 0.444396 -0.0681115 0.447473 -0.0665635 0.455165 -0.0804954 0.45978 -0.0789474 0.464176 -0.0866873 0.471648 -0.0913313 0.476264 -0.0944272 0.482198 -0.100619 0.490989 -0.100619 0.494066 -0.108359 0.501538 -0.116099 0.503077 -0.123839 0.510769 -0.130031 0.516923 -0.137771 0.521538 -0.139319 0.529011 -0.137771 0.536264 -0.136223 0.546813 -0.142415 0.552967 -0.148607 0.559121 -0.156347 0.563736 -0.159443 0.566813 -0.154799 0.571209 -0.162539 0.572747 -0.165635 0.572747 -0.173375 0.577363 -0.173375 0.586374 -0.171827 0.587912 -0.174923 0.593846 -0.178019 0.59978 -0.182663 0.604176 -0.184211 0.605714 -0.19195 0.607253 -0.198142 0.61033 -0.198142 0.616264 -0.201238 0.616264 -0.198142 0.616264 -0.201238 0.619341 -0.212074 0.626813 -0.218266 0.635824 -0.221362 0.638681 -0.224458 0.641758 -0.233746 0.644835 -0.23839 0.646374 -0.243034 0.647912 -0.249226 0.650769 -0.255418 0.653846 -0.255418 0.656703 -0.264706 0.662857 -0.264706 0.665934 -0.263158 0.673407 -0.26161 0.674945 -0.264706 0.674945 -0.272446 0.676484 -0.270898 0.681099 -0.273994 0.684176 -0.278638 0.688791 -0.280186 0.696044 -0.28483 0.697582 -0.289474 0.699121 -0.294118 0.700659 -0.295666 0.705055 -0.29257 0.705055 -0.29257 0.705055 -0.298762 0.708132 
0 0.497582 0.00154799 0.501978 0.00619195 0.512088 0.00773994 0.516703 0.00773994 0.516703 0.00773994 0.522418 0.0108359 0.522418 0.0154799 0.526813 0.0139319 0.531209 0.0108359 0.531209 0.00928793 0.538462 0.0185759 0.541319 0.00928793 0.541319 0.00928793 0.547253 0.0154799 0.556044 0.0154799 0.559121 0.0170279 0.563736 0.0216718 0.568132 0.0278638 0.574286 0.0263158 0.578901 0.0278638 0.589451 0.0356037 0.596923 0.0325077 0.6 0.0371517 0.607253 0.0356037 0.611648 0.0356037 0.611648 0.0340557 0.613187 0.0325077 0.620659 0.0371517 0.625055 0.0433437 0.628132 0.0371517 0.631209 0.0309598 0.634066 0.0386997 0.638462 0.0371517 0.64 0.0417957 0.644396 0.0464396 0.651648 0.0448916 0.653187 0.0448916 0.656044 0.0526316 0.657582 0.0650155 0.663516 0.0665635 0.670769 0.0650155 0.678022 0.0696594 0.682418 0.0773994 0.686813 0.0727554 0.691209 0.0727554 0.691209 0.0743034 0.698462 0.0727554 0.703077 0.0743034 0.704615 0.0789474 0.706154 0.0804954 0.710549 0.0773994 0.710549 0.0820433 0.717802 0.0866873 0.722198 0.0804954 0.725055 0.0851393 0.726593 0.0882353 0.726593 0.0913313 0.72967 0.0959752 0.734286 0.0959752 0.734286 0.0959752 0.734286 0.0944272 0.738901 0.0913313 0.738901 0.0928793 0.746154 0.100619 0.747692 0.100619 0.747692 0.103715 0.750549 0.108359 0.752088 0.109907 0.759341 0.106811 0.759341 0.106811 0.759341 0.108359 0.763736 0.108359 0.766593 0.113003 0.771209 0.116099 0.771209 0.122291 0.774066 0.123839 0.775604 0.122291 0.777143 0.120743 0.778681 0.123839 0.778681 0.123839 0.781538 0.123839 0.784396 0.125387 0.785934 0.130031 0.79033 0.128483 0.791868 0.128483 0.794725 0.130031 0.799121 0.136223 0.799121 0.142415 0.799121 0.147059 0.800659 0.147059 0.803516 0.147059 0.803516 0.150155 0.803516 0.153251 0.803516 0.153251 0.806374 0.156347 0.812088 0.156347 0.814945 0.162539 0.814945 0.174923 0.818022 0.178019 0.820879 
0 0.750989 -0.00773994 0.752527 -0.00464396 0.752527 -0.0108359 0.755385 -0.0123839 0.75978 -0.0139319 0.761319 -0.0139319 0.764396 -0.0185759 0.771648 -0.0185759 0.771648 -0.0247678 0.774725 -0.0263158 0.776264 -0.0325077 0.776264 -0.0294118 0.776264 -0.0309598 0.777802 -0.0340557 0.780879 -0.0309598 0.780879 -0.0386997 0.785495 -0.0386997 0.785495 -0.0479876 0.791209 -0.0572755 0.791209 -0.0603715 0.791209 -0.0572755 0.794066 -0.0603715 0.794066 -0.0634675 0.794066 -0.0650155 0.795604 -0.0665635 0.8 -0.0665635 0.8 -0.0634675 0.8 -0.0727554 0.803077 -0.0758514 0.805934 -0.0758514 0.808791 -0.0789474 0.811648 -0.0820433 0.811648 -0.0851393 0.811648 -0.0851393 0.811648 -0.0913313 0.814505 -0.0975232 0.817582 -0.0975232 0.82044 -0.0990712 0.825055 -0.0990712 0.825055 -0.0959752 0.825055 -0.105263 0.830989 -0.108359 0.830989 -0.117647 0.833846 -0.120743 0.83956 -0.126935 0.83956 -0.126935 0.83956 -0.123839 0.83956 -0.120743 0.842418 -0.114551 0.845495 -0.120743 0.845495 -0.126935 0.845495 -0.133127 0.848571 -0.136223 0.848571 -0.136223 0.848571 -0.139319 0.848571 -0.139319 0.848571 -0.139319 0.848571 -0.134675 0.85011 -0.134675 0.852967 -0.130031 0.854505 -0.125387 0.858901 -0.119195 0.861758 -0.119195 0.861758 -0.116099 0.864615 -0.117647 0.866154 -0.117647 0.866154 -0.117647 0.866154 -0.116099 0.867692 -0.114551 0.872088 -0.120743 0.872088 -0.123839 0.874945 -0.134675 0.876484 -0.140867 0.879341 -0.136223 0.880879 -0.139319 0.880879 -0.134675 0.882418 -0.136223 0.883956 -0.140867 0.885495 -0.137771 0.885495 -0.134675 0.885495 -0.131579 0.885495 -0.128483 0.885495 -0.126935 0.887033 -0.126935 0.887033 -0.122291 0.888571 -0.117647 0.89011 -0.111455 0.892967 -0.111455 0.892967 -0.111455 0.892967 -0.105263 0.892967 -0.105263 0.892967 -0.108359 0.896044 -0.113003 0.897582 -0.106811 0.897582 -0.103715 0.897582 -0.0959752 0.899121 -0.0928793 0.899121 -0.0866873 0.899121 -0.0835913 0.899121 
-0.00309598 0.997143 -0.0123839 0.997143 -0.0123839 0.997143 -0.0185759 0.997143 -0.0185759 0.997143 -0.0154799 0.997143 -0.0216718 0.997143 -0.0278638 0.997143 -0.0309598 0.997143 -0.0340557 0.997143 -0.0402477 0.997143 -0.0433437 0.997143 -0.0433437 0.997143 -0.0340557 0.997143 -0.0371517 0.997143 -0.0371517 0.997143 -0.0340557 0.997143 -0.0340557 0.997143 -0.0340557 0.997143 -0.0402477 0.997143 -0.0433437 0.997143 -0.0371517 0.997143 -0.0402477 0.997143 -0.0402477 0.997143 -0.0371517 0.997143 -0.0402477 0.997143 -0.0464396 0.997143 -0.0495356 0.997143 -0.0557276 0.997143 -0.0619195 0.997143 -0.0773994 0.997143 -0.0773994 0.997143 -0.0897833 0.997143 -0.0928793 0.997143 -0.0897833 0.997143 -0.0928793 0.997143 -0.0897833 0.997143 -0.0928793 0.997143 -0.102167 0.997143 -0.0990712 0.997143 -0.102167 0.997143 -0.105263 0.997143 -0.0990712 0.997143 -0.0959752 0.997143 -0.0990712 0.997143 -0.0990712 0.997143 -0.0990712 0.997143 -0.105263 0.997143 -0.114551 0.997143 -0.123839 0.997143 -0.130031 0.997143 -0.139319 0.997143 -0.148607 0.997143 -0.148607 0.997143 -0.154799 0.997143 -0.160991 0.997143 -0.167183 0.997143 -0.167183 0.997143 -0.176471 0.997143 -0.179567 0.997143 -0.185759 0.997143 -0.185759 0.997143 -0.19195 0.997143 -0.19195 0.997143 -0.188854 0.997143 -0.188854 0.997143 -0.195046 0.997143 -0.198142 0.997143 -0.204334 0.997143 -0.210526 0.997143 -0.216718 0.997143 -0.216718 0.997143 -0.226006 0.997143 -0.226006 0.997143 -0.235294 0.997143 -0.241486 0.997143 -0.25387 0.997143 -0.263158 0.997143 -0.266254 0.997143 -0.272446 0.997143 -0.275542 0.997143 -0.28483 0.997143 -0.291022 0.997143 -0.291022 0.997143 -0.294118 0.997143 -0.294118 0.997143 -0.297214 0.997143 -0.297214 0.997143 -0.30031 0.997143 -0.309598 0.997143 -0.318885 0.997143 -0.325077 0.997143 -0.325077 0.997143 -0.321981 0.997143 -0.321981 0.997143 -0.328173 0.997143 -0.328173 0.997143 -0.331269 0.997143 -0.334365 0.997143 -0.337461 0.997143 
0.250774 0.000659341 0.256966 -0.00175824 0.263158 0.00725275 0.270898 0.0120879 0.278638 0.0140659 0.283282 0.012967 0.287926 0.00901099 0.294118 0.0151648 0.30031 0.0184615 0.309598 0.0276923 0.317337 0.0353846 0.326625 0.0474725 0.329721 0.0534066 0.335913 0.0595604 0.342105 0.0628571 0.345201 0.0630769 0.354489 0.0723077 0.360681 0.0727473 0.369969 0.0848352 0.377709 0.0896703 0.388545 0.10044 0.391641 0.109231 0.396285 0.108132 0.405573 0.111648 0.410217 0.119121 0.416409 0.128132 0.424149 0.135824 0.436533 0.148132 0.44582 0.154505 0.450464 0.159121 0.452012 0.163516 0.456656 0.170989 0.458204 0.175385 0.459752 0.176923 0.464396 0.181538 0.467492 0.181758 0.473684 0.190769 0.475232 0.192308 0.479876 0.194066 0.487616 0.201758 0.495356 0.209451 0.503096 0.22 0.50774 0.227473 0.510836 0.236264 0.51548 0.240879 0.52322 0.248571 0.524768 0.258681 0.53096 0.264835 0.535604 0.272308 0.5387 0.281099 0.543344 0.285714 0.549536 0.291868 0.55418 0.296484 0.55418 0.296484 0.558824 0.306813 0.56192 0.30989 0.568111 0.321758 0.571207 0.327692 0.575851 0.338022 0.580495 0.345495 0.586687 0.351648 0.591331 0.356264 0.597523 0.365275 0.602167 0.372747 0.602167 0.378462 0.606811 0.388791 0.609907 0.394725 0.613003 0.397802 0.617647 0.402418 0.620743 0.405495 0.625387 0.41011 0.631579 0.419121 0.636223 0.423736 0.642415 0.42989 0.645511 0.432967 0.648607 0.438901 0.653251 0.443516 0.659443 0.44967 0.665635 0.458681 0.668731 0.464615 0.670279 0.466154 0.676471 0.475165 0.681115 0.482637 0.684211 0.488571 0.687307 0.494505 0.693498 0.503516 0.69969 0.50967 0.701238 0.511209 0.705882 0.515824 0.708978 0.518901 0.710526 0.52044 0.713622 0.529231 0.713622 0.529231 0.716718 0.532308 0.719814 0.535385 0.72291 0.541319 0.727554 0.545934 0.729102 0.55033 0.73065 0.551868 0.733746 0.557802 
0.249226 0.247912 0.256966 0.255604 0.266254 0.264835 0.275542 0.274066 0.283282 0.281758 0.291022 0.289451 0.30031 0.298681 0.306502 0.304835 0.309598 0.307912 0.312693 0.313846 0.318885 0.32 0.320433 0.321538 0.328173 0.329231 0.340557 0.341538 0.349845 0.350769 0.360681 0.361538 0.368421 0.369231 0.376161 0.376923 0.380805 0.381538 0.385449 0.386154 0.397833 0.398462 0.402477 0.403077 0.407121 0.407692 0.416409 0.416923 0.421053 0.421538 0.427245 0.427692 0.433437 0.433846 0.439628 0.44 0.442724 0.443077 0.450464 0.450769 0.455108 0.455385 0.4613 0.461538 0.46904 0.469231 0.475232 0.475385 0.481424 0.481538 0.486068 0.486154 0.493808 0.493846 0.504644 0.504615 0.51548 0.515385 0.520124 0.52 0.52322 0.523077 0.524768 0.524615 0.527864 0.527692 0.535604 0.535385 0.5387 0.538462 0.54644 0.546154 0.551084 0.550769 0.555728 0.555385 0.56192 0.561538 0.568111 0.567692 0.569659 0.569231 0.575851 0.575385 0.580495 0.58 0.586687 0.586154 0.592879 0.592308 0.594427 0.593846 0.595975 0.595385 0.599071 0.598462 0.602167 0.601538 0.603715 0.603077 0.609907 0.609231 0.613003 0.612308 0.614551 0.613846 0.619195 0.618462 0.622291 0.621538 0.623839 0.623077 0.625387 0.624615 0.628483 0.627692 0.634675 0.633846 0.639319 0.638462 0.640867 0.64 0.643963 0.643077 0.643963 0.643077 0.647059 0.646154 0.657895 0.656923 0.659443 0.658462 0.662539 0.661538 0.665635 0.664615 0.668731 0.667692 0.668731 0.667692 0.671827 0.670769 0.676471 0.675385 0.684211 0.683077 0.684211 0.683077 0.688854 0.687692 0.69195 0.690769 0.693498 0.692308 0.695046 0.693846 0.696594 0.695385 0.702786 0.701538 0.704334 0.703077 0.70743 0.706154 0.708978 0.707692 0.712074 0.710769 0.713622 0.712308 0.718266 0.716923 0.72291 0.721538 0.72291 0.721538 0.727554 0.726154 0.73065 0.729231 
0.252322 0.497802 0.258514 0.506593 0.26935 0.513846 0.272446 0.522637 0.278638 0.525714 0.28483 0.528791 0.294118 0.528791 0.304954 0.533187 0.315789 0.537802 0.321981 0.543736 0.329721 0.550989 0.332817 0.550989 0.337461 0.558242 0.346749 0.563956 0.349845 0.567033 0.356037 0.56989 0.363777 0.574505 0.373065 0.583297 0.376161 0.589011 0.380805 0.593626 0.390093 0.596703 0.397833 0.598242 0.405573 0.602637 0.405573 0.605495 0.408669 0.605495 0.416409 0.60989 0.422601 0.618462 0.428793 0.621538 0.43808 0.624396 0.441176 0.63033 0.44582 0.631868 0.447368 0.633407 0.455108 0.634945 0.459752 0.645275 0.465944 0.654066 0.47678 0.664396 0.482972 0.67033 0.489164 0.676264 0.490712 0.683516 0.504644 0.685055 0.513932 0.690989 0.520124 0.690989 0.52322 0.694066 0.532508 0.697143 0.541796 0.70022 0.543344 0.701758 0.549536 0.701758 0.555728 0.704615 0.557276 0.709011 0.563467 0.718022 0.572755 0.721099 0.577399 0.725495 0.580495 0.725495 0.583591 0.725495 0.588235 0.727033 0.591331 0.727033 0.594427 0.73011 0.600619 0.736044 0.606811 0.742198 0.611455 0.746593 0.616099 0.748132 0.619195 0.750989 0.619195 0.756703 0.620743 0.758242 0.620743 0.758242 0.620743 0.761099 0.623839 0.764176 0.626935 0.764176 0.634675 0.765714 0.642415 0.77011 0.650155 0.78022 0.659443 0.786154 0.660991 0.787692 0.662539 0.789231 0.668731 0.789231 0.670279 0.790769 0.671827 0.795165 0.674923 0.795165 0.678019 0.795165 0.678019 0.798022 0.684211 0.803956 0.684211 0.803956 0.688854 0.811209 0.69195 0.814066 0.69195 0.816923 0.696594 0.818462 0.696594 0.821319 0.701238 0.822857 0.702786 0.824396 0.70743 0.825934 0.70743 0.828791 0.710526 0.828791 0.710526 0.831648 0.713622 0.831648 0.716718 0.831648 0.719814 0.831648 0.727554 0.836264 0.732198 0.837802 0.732198 0.840659 0.732198 0.840659 
0.247678 0.748132 0.25387 0.754066 0.260062 0.754066 0.264706 0.755604 0.26935 0.757143 0.286378 0.758681 0.291022 0.76022 0.30031 0.763077 0.306502 0.766154 0.312693 0.769231 0.312693 0.772088 0.314241 0.776484 0.320433 0.782198 0.329721 0.785055 0.343653 0.786593 0.351393 0.788132 0.352941 0.78967 0.357585 0.791209 0.362229 0.792747 0.368421 0.798681 0.382353 0.80022 0.385449 0.80022 0.393189 0.801758 0.399381 0.807692 0.402477 0.810549 0.408669 0.810549 0.417957 0.813626 0.427245 0.813626 0.430341 0.813626 0.430341 0.816484 0.433437 0.816484 0.434985 0.818022 0.439628 0.81956 0.442724 0.822418 0.44582 0.822418 0.44582 0.822418 0.450464 0.823956 0.456656 0.823956 0.4613 0.825495 0.467492 0.825495 0.473684 0.828571 0.47678 0.828571 0.47678 0.831429 0.479876 0.837363 0.48452 0.841758 0.493808 0.841758 0.506192 0.841758 0.509288 0.841758 0.512384 0.844615 0.517028 0.846154 0.527864 0.847692 0.534056 0.850549 0.5387 0.852088 0.5387 0.852088 0.543344 0.856484 0.551084 0.860879 0.557276 0.860879 0.557276 0.860879 0.558824 0.862418 0.558824 0.862418 0.566563 0.863956 0.569659 0.863956 0.574303 0.865495 0.577399 0.865495 0.586687 0.871209 0.592879 0.871209 0.592879 0.871209 0.600619 0.875604 0.606811 0.875604 0.609907 0.875604 0.613003 0.875604 0.616099 0.875604 0.617647 0.877143 0.617647 0.885714 0.623839 0.885714 0.623839 0.885714 0.630031 0.885714 0.634675 0.887253 0.637771 0.892967 0.643963 0.895824 0.643963 0.895824 0.645511 0.897363 0.645511 0.897363 0.648607 0.903297 0.651703 0.903297 0.651703 0.903297 0.657895 0.906154 0.660991 0.906154 0.660991 0.906154 0.670279 0.906154 0.670279 0.906154 0.670279 0.906154 0.671827 0.910549 0.673375 0.912088 0.676471 0.912088 0.676471 0.912088 0.679567 0.912088 0.685759 0.912088 0.69195 0.912088 0.693498 0.913626 
0.247678 0.997143 0.250774 0.997143 0.25387 0.997143 0.256966 0.997143 0.263158 0.997143 0.26935 0.997143 0.275542 0.997143 0.287926 0.997143 0.297214 0.997143 0.30031 0.997143 0.318885 0.997143 0.325077 0.997143 0.334365 0.997143 0.340557 1 0.349845 1 0.356037 1 0.362229 1 0.365325 1 0.371517 1 0.374613 1 0.377709 1 0.386997 1 0.393189 1 0.399381 1 0.405573 1 0.414861 1 0.424149 1 0.433437 1 0.436533 1 0.439628 1 0.44582 1 0.44582 1 0.452012 1 0.458204 1 0.464396 1 0.467492 1 0.470588 1 0.47678 1 0.486068 1 0.49226 1 0.49226 1 0.495356 1 0.498452 1 0.501548 1 0.504644 1 0.50774 1 0.513932 1 0.52322 1 0.529412 1 0.5387 1 0.544892 1 0.544892 1 0.547988 1 0.55418 1 0.557276 1 0.560372 1 0.563467 1 0.569659 1 0.575851 1 0.575851 1 0.575851 1 0.582043 1 0.588235 1 0.594427 1 0.594427 1 0.603715 1 0.609907 1 0.613003 1 0.622291 1 0.622291 1 0.625387 1 0.637771 1 0.637771 1 0.647059 1 0.656347 1 0.656347 1 0.656347 1 0.659443 1 0.662539 1 0.671827 1 0.674923 1 0.674923 1 0.674923 1 0.678019 1 0.690402 1 0.690402 1 0.690402 1 0.690402 1 0.69969 1 0.702786 1 0.702786 1 0.705882 1 0.705882 1 0.708978 1 0.71517 1 0.718266 1 0.718266 1 0.718266 1 0.721362 1 0.727554 1 
0.5 -0.00021978 0.504644 0.0101099 0.510836 0.00769231 0.52322 0.0228571 0.534056 0.0364835 0.5387 0.043956 0.54644 0.0487912 0.549536 0.0461538 0.549536 0.049011 0.55418 0.0536264 0.555728 0.0551648 0.560372 0.0597802 0.568111 0.0703297 0.574303 0.0764835 0.580495 0.0769231 0.582043 0.0813187 0.585139 0.0843956 0.588235 0.0874725 0.591331 0.0876923 0.595975 0.0923077 0.602167 0.0984615 0.605263 0.101538 0.608359 0.101758 0.611455 0.107692 0.613003 0.114945 0.616099 0.118022 0.619195 0.121099 0.622291 0.127033 0.625387 0.13011 0.633127 0.140659 0.642415 0.155604 0.643963 0.16 0.648607 0.167473 0.650155 0.169011 0.654799 0.176484 0.660991 0.185495 0.664087 0.191429 0.667183 0.205934 0.668731 0.21033 0.670279 0.211868 0.674923 0.216484 0.678019 0.21956 0.678019 0.222418 0.678019 0.222418 0.681115 0.228352 0.685759 0.238681 0.685759 0.241538 0.688854 0.247473 0.695046 0.253626 0.695046 0.259341 0.696594 0.269451 0.69969 0.278242 0.702786 0.284176 0.70743 0.288791 0.712074 0.293407 0.713622 0.300659 0.716718 0.306593 0.719814 0.318242 0.72291 0.324176 0.729102 0.336044 0.73065 0.34044 0.73065 0.346154 0.735294 0.356484 0.736842 0.363736 0.739938 0.36967 0.743034 0.372747 0.743034 0.375604 0.744582 0.382857 0.74613 0.387253 0.747678 0.394505 0.747678 0.397363 0.750774 0.406154 0.755418 0.413626 0.755418 0.419341 0.756966 0.426593 0.760062 0.435385 0.763158 0.441319 0.766254 0.447253 0.767802 0.451648 0.770898 0.46044 0.773994 0.469231 0.775542 0.473626 0.778638 0.47956 0.781734 0.482637 0.786378 0.495824 0.787926 0.50022 0.789474 0.513187 0.791022 0.517582 0.79257 0.519121 0.795666 0.525055 0.797214 0.529451 0.80031 0.532527 0.803406 0.538462 0.806502 0.541538 0.80805 0.551648 0.811146 0.557582 0.811146 0.557582 0.811146 0.557582 0.815789 0.565055 0.821981 0.571209 
0.5 0.248352 0.504644 0.252967 0.509288 0.26044 0.513932 0.267912 0.51548 0.272308 0.520124 0.27978 0.526316 0.291648 0.534056 0.299341 0.540248 0.308352 0.544892 0.312967 0.55418 0.322198 0.558824 0.326813 0.565015 0.335824 0.571207 0.344835 0.572755 0.346374 0.580495 0.354066 0.586687 0.36022 0.589783 0.366154 0.594427 0.373626 0.600619 0.382637 0.603715 0.388571 0.605263 0.39011 0.609907 0.394725 0.613003 0.397802 0.616099 0.400879 0.617647 0.405275 0.619195 0.40967 0.623839 0.414286 0.628483 0.421758 0.633127 0.429231 0.636223 0.432308 0.639319 0.441099 0.642415 0.447033 0.647059 0.451648 0.654799 0.462198 0.657895 0.468132 0.659443 0.475385 0.660991 0.47978 0.664087 0.482857 0.664087 0.485714 0.665635 0.492967 0.671827 0.499121 0.673375 0.503516 0.676471 0.509451 0.679567 0.512527 0.679567 0.515385 0.681115 0.51978 0.684211 0.522857 0.687307 0.525934 0.690402 0.531868 0.690402 0.531868 0.690402 0.537582 0.69195 0.539121 0.693498 0.543516 0.69969 0.54967 0.701238 0.551209 0.702786 0.555604 0.704334 0.56 0.705882 0.564396 0.708978 0.573187 0.713622 0.577802 0.71517 0.582198 0.716718 0.589451 0.72291 0.595604 0.726006 0.598681 0.733746 0.606374 0.736842 0.612308 0.739938 0.615385 0.747678 0.623077 0.752322 0.627692 0.755418 0.630769 0.755418 0.630769 0.760062 0.635385 0.766254 0.641538 0.770898 0.646154 0.770898 0.646154 0.772446 0.647692 0.772446 0.650549 0.773994 0.652088 0.773994 0.652088 0.773994 0.654945 0.77709 0.658022 0.778638 0.65956 0.778638 0.65956 0.778638 0.65956 0.781734 0.665495 0.781734 0.665495 0.783282 0.66989 0.78483 0.671429 0.791022 0.68044 0.791022 0.68044 0.79257 0.681978 0.79257 0.684835 0.794118 0.686374 0.795666 0.693626 0.797214 0.695165 0.80031 0.698242 0.80031 0.698242 0.80031 0.703956 0.80031 0.706813 
0.5 0.497143 0.504644 0.501758 0.509288 0.506374 0.51548 0.512527 0.52322 0.52022 0.53096 0.527912 0.535604 0.532527 0.5387 0.535604 0.541796 0.538681 0.547988 0.544835 0.55418 0.550989 0.555728 0.552527 0.560372 0.557143 0.566563 0.563297 0.569659 0.566374 0.575851 0.572527 0.580495 0.577143 0.586687 0.583297 0.586687 0.583297 0.588235 0.584835 0.594427 0.590989 0.595975 0.592527 0.597523 0.594066 0.600619 0.597143 0.613003 0.606374 0.617647 0.610989 0.622291 0.615604 0.625387 0.618681 0.631579 0.624835 0.639319 0.632527 0.645511 0.638681 0.651703 0.644835 0.654799 0.647912 0.657895 0.650989 0.662539 0.655604 0.665635 0.658681 0.665635 0.658681 0.670279 0.663297 0.673375 0.666374 0.679567 0.672527 0.685759 0.678681 0.687307 0.68022 0.693498 0.686374 0.693498 0.686374 0.693498 0.686374 0.696594 0.689451 0.701238 0.694066 0.702786 0.695604 0.705882 0.698681 0.70743 0.70022 0.708978 0.701758 0.710526 0.703297 0.712074 0.704835 0.71517 0.707912 0.716718 0.709451 0.72291 0.715604 0.724458 0.717143 0.727554 0.72022 0.73065 0.723297 0.733746 0.726374 0.735294 0.727912 0.735294 0.727912 0.73839 0.730989 0.739938 0.732527 0.743034 0.735604 0.747678 0.74022 0.747678 0.74022 0.749226 0.741758 0.749226 0.741758 0.750774 0.743297 0.75387 0.746374 0.756966 0.749451 0.760062 0.752527 0.766254 0.758681 0.76935 0.761758 0.770898 0.763297 0.775542 0.767912 0.77709 0.769451 0.780186 0.772527 0.781734 0.774066 0.781734 0.774066 0.781734 0.774066 0.78483 0.777143 0.786378 0.778681 0.789474 0.781758 0.794118 0.786374 0.80031 0.792527 0.803406 0.795604 0.803406 0.795604 0.806502 0.798681 0.80805 0.80022 0.809598 0.801758 0.814241 0.806374 0.814241 0.806374 0.817337 0.809451 0.818885 0.810989 0.820433 0.812527 0.821981 0.814066 0.825077 0.817143 0.825077 0.817143 
0.498452 0.748132 0.5 0.74967 0.50774 0.751209 0.512384 0.755604 0.517028 0.757143 0.521672 0.761538 0.524768 0.764615 0.535604 0.766154 0.543344 0.767692 0.552632 0.770769 0.555728 0.773626 0.56192 0.776484 0.565015 0.776484 0.575851 0.780879 0.582043 0.783736 0.589783 0.785275 0.592879 0.790989 0.597523 0.792527 0.597523 0.798242 0.605263 0.79978 0.608359 0.79978 0.611455 0.802857 0.616099 0.804396 0.620743 0.805934 0.626935 0.805934 0.631579 0.807473 0.634675 0.813407 0.636223 0.817802 0.643963 0.822198 0.647059 0.825275 0.647059 0.825275 0.654799 0.826813 0.659443 0.828352 0.662539 0.831429 0.665635 0.831429 0.670279 0.832967 0.676471 0.838681 0.678019 0.843077 0.678019 0.843077 0.681115 0.843077 0.684211 0.846154 0.687307 0.849231 0.695046 0.850769 0.695046 0.850769 0.69969 0.858022 0.702786 0.858022 0.704334 0.85956 0.70743 0.85956 0.712074 0.861099 0.712074 0.861099 0.713622 0.862637 0.713622 0.865495 0.713622 0.865495 0.716718 0.865495 0.721362 0.867033 0.721362 0.867033 0.721362 0.867033 0.721362 0.867033 0.72291 0.868571 0.727554 0.87011 0.73065 0.87011 0.732198 0.871648 0.732198 0.874505 0.733746 0.876044 0.736842 0.876044 0.739938 0.876044 0.741486 0.877582 0.741486 0.877582 0.749226 0.879121 0.752322 0.881978 0.756966 0.883516 0.756966 0.883516 0.760062 0.883516 0.760062 0.883516 0.760062 0.883516 0.760062 0.883516 0.767802 0.885055 0.770898 0.885055 0.773994 0.885055 0.773994 0.885055 0.773994 0.885055 0.773994 0.885055 0.773994 0.885055 0.773994 0.885055 0.773994 0.887912 0.77709 0.887912 0.780186 0.887912 0.780186 0.887912 0.783282 0.887912 0.783282 0.890769 0.783282 0.893626 0.78483 0.895165 0.78483 0.898022 0.78483 0.898022 0.786378 0.89956 0.789474 0.89956 0.789474 0.89956 0.789474 0.89956 0.791022 0.903956 0.794118 0.903956 
0.498452 0.997143 0.517028 0.997143 0.520124 0.997143 0.52322 0.997143 0.529412 0.997143 0.535604 0.997143 0.5387 0.997143 0.5387 0.997143 0.544892 0.997143 0.544892 0.997143 0.551084 0.997143 0.557276 0.997143 0.563467 0.997143 0.563467 0.997143 0.566563 0.997143 0.572755 0.997143 0.572755 0.997143 0.575851 0.997143 0.578947 0.997143 0.582043 0.997143 0.585139 0.997143 0.588235 0.997143 0.597523 0.997143 0.600619 0.997143 0.603715 0.997143 0.609907 0.997143 0.613003 0.997143 0.613003 0.997143 0.613003 0.997143 0.619195 0.997143 0.622291 0.997143 0.628483 0.997143 0.634675 0.997143 0.640867 0.997143 0.647059 0.997143 0.653251 0.997143 0.659443 0.997143 0.659443 0.997143 0.662539 0.997143 0.668731 0.997143 0.671827 0.997143 0.671827 0.997143 0.674923 0.997143 0.674923 0.997143 0.678019 0.997143 0.678019 0.997143 0.681115 0.997143 0.684211 0.997143 0.690402 0.997143 0.690402 0.997143 0.696594 0.997143 0.702786 0.997143 0.705882 0.997143 0.712074 0.997143 0.71517 0.997143 0.71517 0.997143 0.718266 0.997143 0.721362 0.997143 0.724458 0.997143 0.724458 0.997143 0.73065 0.997143 0.733746 0.997143 0.739938 0.997143 0.739938 0.997143 0.74613 0.997143 0.752322 0.997143 0.752322 0.997143 0.755418 0.997143 0.758514 0.997143 0.764706 0.997143 0.770898 0.997143 0.77709 0.997143 0.77709 0.997143 0.77709 0.997143 0.77709 0.997143 0.780186 0.997143 0.780186 0.997143 0.780186 0.997143 0.783282 0.997143 0.783282 0.997143 0.783282 0.997143 0.783282 0.997143 0.783282 0.997143 0.789474 0.997143 0.789474 0.997143 0.789474 0.997143 0.79257 0.997143 0.79257 0.997143 0.795666 0.997143 0.798762 0.997143 0.798762 0.997143 0.798762 0.997143 0.798762 1 0.798762 1 0.801858 1 0.80805 1 0.811146 1 0.811146 1 0.814241 1 0.814241 1 
0.749226 -0.0010989 0.75387 0.00351648 0.755418 0.0164835 0.755418 0.0193407 0.756966 0.0237363 0.758514 0.0252747 0.758514 0.0338462 0.76161 0.0483516 0.763158 0.0527473 0.76935 0.0589011 0.770898 0.0604396 0.772446 0.061978 0.773994 0.0663736 0.77709 0.0665934 0.77709 0.0665934 0.77709 0.0723077 0.780186 0.0725275 0.780186 0.0725275 0.783282 0.0756044 0.78483 0.0771429 0.786378 0.0815385 0.789474 0.0846154 0.791022 0.0861538 0.794118 0.0978022 0.797214 0.100879 0.798762 0.102418 0.801858 0.108352 0.803406 0.10989 0.804954 0.114286 0.804954 0.117143 0.806502 0.121538 0.811146 0.134725 0.815789 0.142198 0.817337 0.143736 0.817337 0.146593 0.818885 0.150989 0.818885 0.156703 0.820433 0.155385 0.820433 0.158242 0.826625 0.164396 0.826625 0.167253 0.826625 0.17011 0.826625 0.172967 0.829721 0.181758 0.829721 0.187473 0.831269 0.194725 0.834365 0.203516 0.835913 0.207912 0.835913 0.213626 0.835913 0.213626 0.837461 0.220879 0.842105 0.225495 0.843653 0.227033 0.845201 0.231429 0.846749 0.235824 0.846749 0.235824 0.848297 0.243077 0.851393 0.249011 0.852941 0.256264 0.857585 0.260879 0.859133 0.262418 0.859133 0.265275 0.859133 0.268132 0.860681 0.272527 0.862229 0.274066 0.863777 0.278462 0.865325 0.282857 0.868421 0.288791 0.869969 0.293187 0.873065 0.299121 0.876161 0.302198 0.879257 0.310989 0.879257 0.316703 0.883901 0.321319 0.885449 0.325714 0.886997 0.33011 0.888545 0.34022 0.891641 0.351868 0.893189 0.356264 0.893189 0.361978 0.896285 0.367912 0.900929 0.372527 0.900929 0.381099 0.904025 0.381319 0.904025 0.398462 0.904025 0.401319 0.907121 0.41011 0.907121 0.415824 0.911765 0.423297 0.914861 0.426374 0.914861 0.429231 0.914861 0.432088 0.914861 0.437802 0.914861 0.440659 0.916409 0.442198 0.916409 0.450769 0.917957 0.455165 0.919505 0.456703 0.921053 0.463956 0.921053 0.46967 
0.749226 0.247473 0.752322 0.259121 0.752322 0.261978 0.75387 0.263516 0.755418 0.270769 0.755418 0.270769 0.756966 0.278022 0.756966 0.280879 0.760062 0.283956 0.764706 0.291429 0.766254 0.298681 0.767802 0.305934 0.76935 0.318901 0.772446 0.324835 0.775542 0.336484 0.77709 0.346593 0.77709 0.346593 0.77709 0.355165 0.781734 0.362637 0.783282 0.367033 0.78483 0.371429 0.789474 0.376044 0.79257 0.381978 0.794118 0.392088 0.794118 0.400659 0.794118 0.403516 0.795666 0.410769 0.795666 0.422198 0.797214 0.426593 0.798762 0.43956 0.803406 0.444176 0.806502 0.452967 0.806502 0.452967 0.809598 0.461758 0.811146 0.469011 0.812693 0.470549 0.812693 0.476264 0.815789 0.487912 0.817337 0.495165 0.818885 0.502418 0.821981 0.505495 0.823529 0.507033 0.823529 0.515604 0.826625 0.518681 0.829721 0.521758 0.831269 0.523297 0.831269 0.529011 0.832817 0.536264 0.835913 0.539341 0.837461 0.540879 0.839009 0.545275 0.840557 0.555385 0.843653 0.567033 0.843653 0.56989 0.843653 0.575604 0.848297 0.583077 0.848297 0.585934 0.848297 0.588791 0.848297 0.591648 0.849845 0.598901 0.851393 0.60044 0.852941 0.604835 0.854489 0.609231 0.854489 0.609231 0.856037 0.610769 0.857585 0.612308 0.857585 0.612308 0.860681 0.618242 0.862229 0.61978 0.865325 0.622857 0.866873 0.624396 0.866873 0.627253 0.868421 0.634505 0.871517 0.64044 0.871517 0.64044 0.871517 0.643297 0.873065 0.650549 0.877709 0.663736 0.877709 0.663736 0.879257 0.665275 0.882353 0.668352 0.883901 0.672747 0.885449 0.68 0.885449 0.685714 0.885449 0.688571 0.888545 0.691648 0.890093 0.696044 0.890093 0.698901 0.893189 0.701978 0.893189 0.701978 0.893189 0.707692 0.893189 0.710549 0.896285 0.716484 0.896285 0.722198 0.896285 0.725055 0.896285 0.725055 0.896285 0.725055 0.896285 0.725055 0.896285 0.725055 0.897833 0.732308 
0.749226 0.498901 0.750774 0.50044 0.750774 0.50044 0.755418 0.505055 0.758514 0.508132 0.763158 0.515604 0.766254 0.518681 0.76935 0.521758 0.770898 0.529011 0.770898 0.529011 0.770898 0.531868 0.772446 0.536264 0.775542 0.542198 0.77709 0.552308 0.778638 0.556703 0.780186 0.566813 0.780186 0.56967 0.781734 0.574066 0.78483 0.577143 0.786378 0.578681 0.787926 0.583077 0.789474 0.587473 0.794118 0.592088 0.794118 0.597802 0.795666 0.602198 0.795666 0.605055 0.798762 0.608132 0.80031 0.615385 0.801858 0.61978 0.801858 0.61978 0.801858 0.622637 0.803406 0.624176 0.804954 0.625714 0.80805 0.628791 0.809598 0.63033 0.812693 0.633407 0.814241 0.634945 0.815789 0.642198 0.818885 0.645275 0.820433 0.64967 0.821981 0.651209 0.821981 0.656923 0.821981 0.656923 0.823529 0.658462 0.825077 0.66 0.828173 0.663077 0.829721 0.664615 0.834365 0.669231 0.837461 0.672308 0.839009 0.67956 0.839009 0.67956 0.843653 0.684176 0.843653 0.687033 0.846749 0.692967 0.849845 0.696044 0.851393 0.697582 0.852941 0.699121 0.852941 0.701978 0.852941 0.701978 0.852941 0.701978 0.852941 0.701978 0.856037 0.710769 0.856037 0.710769 0.859133 0.713846 0.860681 0.715385 0.860681 0.715385 0.862229 0.71978 0.862229 0.725495 0.863777 0.727033 0.866873 0.732967 0.866873 0.738681 0.868421 0.743077 0.869969 0.747473 0.869969 0.75033 0.871517 0.754725 0.873065 0.756264 0.873065 0.756264 0.876161 0.759341 0.880805 0.763956 0.882353 0.765495 0.883901 0.767033 0.885449 0.768571 0.886997 0.772967 0.888545 0.774505 0.890093 0.776044 0.890093 0.778901 0.890093 0.778901 0.890093 0.778901 0.890093 0.778901 0.890093 0.778901 0.890093 0.778901 0.890093 0.781758 0.890093 0.784615 0.893189 0.787692 0.897833 0.792308 0.899381 0.793846 0.899381 0.793846 0.900929 0.795385 0.902477 0.802637 0.902477 0.802637 
0.749226 0.748132 0.752322 0.751209 0.75387 0.752747 0.75387 0.752747 0.756966 0.755824 0.758514 0.757363 0.758514 0.757363 0.766254 0.765055 0.766254 0.765055 0.76935 0.768132 0.773994 0.772747 0.775542 0.774286 0.778638 0.777363 0.783282 0.781978 0.78483 0.783516 0.78483 0.786374 0.787926 0.789451 0.787926 0.789451 0.789474 0.790989 0.791022 0.792527 0.79257 0.794066 0.79257 0.796923 0.797214 0.801538 0.801858 0.806154 0.803406 0.807692 0.804954 0.809231 0.804954 0.809231 0.806502 0.810769 0.80805 0.812308 0.811146 0.815385 0.814241 0.818462 0.815789 0.82 0.817337 0.821538 0.818885 0.823077 0.820433 0.824615 0.820433 0.824615 0.823529 0.827692 0.826625 0.830769 0.828173 0.832308 0.829721 0.833846 0.831269 0.835385 0.834365 0.838462 0.834365 0.838462 0.839009 0.843077 0.840557 0.844615 0.842105 0.846154 0.843653 0.847692 0.845201 0.849231 0.846749 0.850769 0.846749 0.850769 0.848297 0.852308 0.849845 0.853846 0.849845 0.853846 0.851393 0.855385 0.852941 0.856923 0.852941 0.856923 0.854489 0.858462 0.854489 0.858462 0.856037 0.86 0.856037 0.86 0.859133 0.863077 0.859133 0.863077 0.862229 0.866154 0.862229 0.866154 0.862229 0.866154 0.862229 0.866154 0.865325 0.869231 0.865325 0.869231 0.866873 0.870769 0.866873 0.870769 0.868421 0.872308 0.868421 0.872308 0.868421 0.872308 0.869969 0.873846 0.869969 0.873846 0.871517 0.875385 0.871517 0.875385 0.876161 0.88 0.877709 0.881538 0.877709 0.881538 0.879257 0.883077 0.879257 0.883077 0.879257 0.883077 0.879257 0.883077 0.879257 0.883077 0.879257 0.883077 0.882353 0.886154 0.883901 0.887692 0.883901 0.887692 0.883901 0.887692 0.883901 0.887692 0.886997 0.890769 0.886997 0.890769 0.886997 0.890769 0.888545 0.892308 0.890093 0.893846 0.893189 0.893846 0.896285 0.896923 0.899381 0.9 0.904025 0.904615 
0.749226 0.997143 0.752322 0.997143 0.758514 0.997143 0.758514 0.997143 0.76161 0.997143 0.764706 0.997143 0.764706 0.997143 0.767802 0.997143 0.770898 0.997143 0.770898 0.997143 0.773994 1 0.77709 1 0.77709 1 0.780186 1 0.786378 1 0.786378 1 0.795666 1 0.798762 1 0.801858 1 0.801858 1 0.80805 1 0.811146 1 0.811146 1 0.814241 1 0.814241 1 0.817337 1 0.823529 1 0.826625 1 0.826625 1 0.829721 1 0.832817 1 0.835913 1 0.839009 1 0.848297 1 0.848297 1 0.854489 1 0.857585 1 0.863777 1 0.863777 1 0.863777 1 0.863777 1 0.863777 1 0.863777 1 0.863777 1 0.863777 1 0.863777 1 0.866873 1 0.866873 1 0.866873 1 0.866873 1 0.866873 1 0.869969 1 0.869969 1 0.869969 1 0.869969 1 0.869969 1 0.873065 1 0.873065 1 0.879257 1 0.879257 1 0.879257 1 0.879257 1 0.882353 1 0.882353 1 0.885449 1 0.885449 1 0.885449 1 0.888545 1 0.888545 1 0.888545 1 0.888545 1 0.888545 1 0.894737 1 0.894737 1 0.894737 1 0.894737 1 0.894737 1 0.897833 1 0.897833 1 0.897833 1 0.897833 1 0.897833 1 0.900929 1 0.900929 1 0.900929 1 0.900929 1 0.900929 1 0.900929 1 0.900929 1 0.900929 1 0.900929 1 0.904025 1 0.904025 1 0.904025 1 0.910217 1 0.910217 1 0.910217 1 0.910217 1 0.910217 1 0.910217 1 
1 -0.00043956 1 0.00241758 1 0.00527473 1 0.00813187 1 0.010989 1 0.010989 1 0.0138462 1.00155 0.0153846 1.0031 0.0226374 1.0031 0.0340659 1.0031 0.0397802 1.0031 0.0397802 1.0031 0.0483516 1.0031 0.0483516 1.0031 0.0512088 1.0031 0.0512088 1.0031 0.0540659 1.0031 0.0569231 1.0031 0.0626374 1.0031 0.0626374 1.0031 0.0626374 1.0031 0.0626374 1.0031 0.0654945 1.0031 0.0654945 1.0031 0.0654945 1.0031 0.0683516 1.0031 0.0683516 1.0031 0.0712088 1.0031 0.0740659 1.0031 0.0740659 1.0031 0.0797802 1.0031 0.0826374 1.00155 0.0868132 1.00155 0.0896703 1.00155 0.101099 1.00155 0.106813 1.00155 0.10967 1.00155 0.10967 1.00155 0.112527 1.00155 0.115385 1.00155 0.118242 1.00155 0.123956 1.00155 0.126813 1.00155 0.132527 1.00155 0.135385 1.00155 0.138242 1.00155 0.138242 1.00155 0.146813 1.00155 0.155385 1.00155 0.158242 1 0.15956 1 0.162418 1 0.165275 1 0.168132 1 0.176703 1 0.17956 1 0.185275 1 0.188132 1 0.188132 1 0.193846 1 0.19956 1 0.205275 1 0.208132 1 0.210989 1 0.213846 1 0.216703 1 0.21956 1 0.222418 1 0.228132 1 0.233846 1 0.236703 1 0.245275 1 0.248132 1 0.250989 1 0.250989 1 0.25956 1 0.268132 1 0.273846 1 0.276703 1 0.27956 1 0.282418 0.998452 0.286593 0.998452 0.292308 0.998452 0.298022 0.998452 0.303736 0.998452 0.306593 0.998452 0.315165 0.998452 0.320879 0.998452 0.323736 0.998452 0.329451 0.998452 0.329451 0.998452 0.332308 0.998452 0.340879 0.998452 0.343736 0.998452 0.343736 0.998452 0.352308 0.998452 0.352308 0.998452 0.358022 0.998452 0.358022 0.998452 0.363736 
1 0.248132 1 0.262418 1 0.268132 1 0.276703 1 0.288132 1 0.290989 1.00155 0.295385 1.00155 0.298242 1.00155 0.303956 1.00155 0.306813 1.00155 0.315385 1.00155 0.326813 1.00155 0.32967 1.00155 0.335385 1.00155 0.341099 1.00155 0.352527 1.00155 0.355385 1.00155 0.363956 1.00155 0.372527 1.00155 0.375385 1.00155 0.383956 1.00155 0.386813 1.00155 0.392527 1.00155 0.401099 1.00155 0.40967 1.00155 0.412527 1.00155 0.421099 1.00155 0.421099 1.00155 0.423956 1.00155 0.42967 1.00155 0.443956 1.00155 0.455385 1.00155 0.461099 1.00155 0.472527 1.0031 0.482637 1.0031 0.485495 1.0031 0.494066 1.0031 0.496923 1.0031 0.502637 1.0031 0.505495 1.0031 0.514066 1.0031 0.522637 1.0031 0.525495 1.0031 0.528352 1.0031 0.531209 1.0031 0.53978 1.0031 0.542637 1.0031 0.551209 1.0031 0.556923 1.0031 0.556923 1.0031 0.556923 1.0031 0.568352 1.0031 0.571209 1.0031 0.574066 1.0031 0.57978 1.0031 0.585495 1.0031 0.588352 1.0031 0.594066 1.0031 0.59978 1.0031 0.59978 1.0031 0.605495 1.0031 0.605495 1.0031 0.605495 1.0031 0.611209 1.0031 0.625495 1.0031 0.631209 1.0031 0.636923 1.0031 0.642637 1.0031 0.642637 1.0031 0.642637 1.0031 0.642637 1.0031 0.648352 1.0031 0.648352 1.0031 0.651209 1.0031 0.656923 1.0031 0.65978 1.0031 0.662637 1.0031 0.662637 1.0031 0.671209 1.0031 0.674066 1.0031 0.674066 1.0031 0.674066 1.0031 0.67978 1.0031 0.67978 1.0031 0.67978 1.0031 0.682637 1.0031 0.685495 1.0031 0.691209 1.0031 0.696923 1.0031 0.69978 1.0031 0.702637 1.0031 0.708352 1.0031 0.714066 1.0031 0.714066 1.0031 0.71978 1.0031 0.722637 1.0031 0.722637 1.0031 0.728352 1.0031 0.734066 1.0031 0.734066 
1 0.49956 1 0.502418 1 0.510989 1 0.522418 1 0.528132 1 0.533846 1 0.53956 1 0.545275 1 0.548132 1 0.550989 1 0.556703 1 0.556703 1 0.55956 1 0.570989 1 0.57956 1 0.582418 1 0.588132 1 0.590989 1 0.590989 1 0.593846 1 0.59956 1 0.605275 1 0.608132 1.00155 0.615385 1.00155 0.618242 1.0031 0.61978 1.0031 0.622637 1.0031 0.625495 1.0031 0.631209 1.0031 0.634066 1.00464 0.635604 1.00464 0.641319 1.00464 0.647033 1.00464 0.652747 1.00464 0.652747 1.00464 0.655604 1.00464 0.661319 1.00464 0.664176 1.00464 0.667033 1.00464 0.66989 1.00464 0.678462 1.00464 0.681319 1.00464 0.684176 1.00464 0.684176 1.00464 0.687033 1.00464 0.692747 1.00464 0.692747 1.00464 0.692747 1.00464 0.695604 1.00464 0.695604 1.00464 0.701319 1.00464 0.704176 1.00464 0.707033 1.00464 0.70989 1.00464 0.715604 1.00464 0.718462 1.00464 0.721319 1.00464 0.721319 1.00464 0.724176 1.00464 0.72989 1.00464 0.732747 1.00464 0.732747 1.00464 0.732747 1.00464 0.732747 1.00464 0.732747 1.00464 0.732747 1.00464 0.735604 1.00464 0.741319 1.00464 0.747033 1.00464 0.747033 1.00464 0.747033 1.00464 0.747033 1.00464 0.752747 1.00464 0.755604 1.00464 0.761319 1.00464 0.764176 1.00464 0.764176 1.00464 0.767033 1.00464 0.767033 1.00464 0.767033 1.00464 0.767033 1.00464 0.767033 1.00464 0.76989 1.00464 0.772747 1.00464 0.772747 1.00464 0.775604 1.00464 0.784176 1.00464 0.787033 1.00464 0.787033 1.00464 0.787033 1.00464 0.78989 1.00464 0.78989 1.00619 0.794286 1.00619 0.797143 1.00619 0.8 1.00619 0.805714 1.00619 0.805714 1.00619 0.808571 1.00619 0.814286 1.00619 0.814286 
1 0.748132 1 0.748132 1 0.748132 1 0.748132 1 0.750989 1 0.753846 1 0.75956 1 0.762418 1 0.765275 1 0.768132 1 0.768132 1 0.770989 1 0.773846 1 0.77956 1 0.782418 1 0.782418 1 0.782418 1 0.785275 1 0.788132 1 0.790989 1 0.790989 1 0.790989 1 0.79956 1 0.808132 1 0.813846 1 0.813846 1 0.816703 1.00155 0.818242 1.00155 0.818242 1.0031 0.81978 1.0031 0.81978 1.0031 0.822637 1.0031 0.822637 1.0031 0.822637 1.0031 0.822637 1.0031 0.822637 1.0031 0.822637 1.0031 0.828352 1.0031 0.828352 1.0031 0.828352 1.0031 0.828352 1.0031 0.831209 1.0031 0.836923 1.0031 0.83978 1.0031 0.845495 1.0031 0.845495 1.0031 0.848352 1.0031 0.848352 1.0031 0.854066 1.0031 0.856923 1.0031 0.85978 1.0031 0.85978 1.0031 0.862637 1.0031 0.868352 1.0031 0.871209 1.0031 0.874066 1.0031 0.874066 1.0031 0.87978 1.0031 0.882637 1.0031 0.882637 1.0031 0.882637 1.0031 0.882637 1.0031 0.882637 1.0031 0.882637 1.0031 0.885495 1.0031 0.885495 1.0031 0.885495 1.0031 0.885495 1.0031 0.885495 1.0031 0.885495 1.0031 0.885495 1.0031 0.888352 1.0031 0.891209 1.0031 0.891209 1.0031 0.891209 1.0031 0.891209 1.0031 0.894066 1.0031 0.894066 1.0031 0.894066 1.0031 0.894066 1.0031 0.896923 1.0031 0.89978 1.0031 0.902637 1.0031 0.902637 1.0031 0.905495 1.0031 0.905495 1.0031 0.905495 1.0031 0.905495 1.0031 0.908352 1.0031 0.908352 1.0031 0.908352 1.0031 0.908352 1.0031 0.914066 1.0031 0.914066 1.0031 0.916923 1.0031 0.91978 1.0031 0.91978 1.0031 0.91978 1.0031 0.922637 1.0031 0.925495 
1 0.997143 1 0.997143 1 0.997143 1 0.997143 1 0.997143 1 0.997143 1 0.997143 1 0.997143 1 0.997143 1 0.997143 1 0.997143 1 0.997143 1 0.997143 1 0.997143 1 0.997143 1 0.997143 1 0.997143 1 0.997143 1 0.997143 1 0.997143 1 1 1 1 1 1 1 1 1 1 1 1 1 1 1 1 1 1 1 1 1 1 1 1 1 1 1 1 1 1 1 1 1 1 1 1 1 1 1 1 1 1 1 1 1 1 1 1 1 1 1 1 1 1 1 1 1 1 1 1 1 1 1 1 1 1 1 1 1 1 1 1 1 1 1 1 1 1 1 1 1 1 1 1 1 1 1 1 1 1 1 1 1 1 1 1 1 1 1.0031 1 1.0031 1 1.0031 1 1.0031 1 1.0031 1 1.0031 1 1.0031 1 1.0031 1 1.0031 1 1.0031 1 1.0031 1 1.0031 1 1.0031 1 1.0031 1 1.0031 1 1.0031 1 1.0031 1 1.0031 1 1.0031 1 1.0031 1 1.0031 1 1.0031 1 1.0031 1 1.0031 1 1.0031 1 1.0031 1 1.0031 1 1.0031 1 1.0031 1 1.0031 1 1.0031 1 
