alfa 0.01
b 0.5
N 1000
maxNrIterations 1000
nrData 100
updateAsynch 1
xMin 0
xMax 1
dimX 5
yMin 0
yMax 1
dimY 5
data_begin
0 0 0 0 0 0 0 0 0 0 0 0 0 0 0 0 0 0 0 0 0 0 0 0 0 0 0 0 0 0 0 0 0 0 0 0 0 0 0 0 0 0 0 0 0 0 0 0 0 0 0 0 0 0 0 0 0 0 0 0 0 0 0 0 0 0 0 0 0 0 0 0 0 0 0 0 0 0 0 0 0 0 0 0 0 0 0 0 0 0 0 0 0 0 0 0 0 0 0 0 0 0 0 0 0 0 0 0 0 0 0 0 0 0 0 0 0 0 0 0 0 0 0 0 0 0 0 0 0 0 0 0 0 0 0 0 0 0 0 0 0 0 0 0 0 0 0 0 0 0 0 0 0 0 0 0 0 0 0 0 0 0 0 0 0 0 0 0 0 0 0 0 0 0 0 0 0 0 0 0 0 0 0 0 0 0 0 0 0 0 0 0 0 0 0 0 0 0 0 0 
0.00156495 0.245499 -0.00156495 0.245599 0.00156495 0.242732 0.00156495 0.242732 -0.00156495 0.245899 -0.00625978 0.241448 -0.00312989 0.235514 -0.00469484 0.228095 -0.00156495 0.228195 -0.00312989 0.226812 -0.00156495 0.225428 0 0.221077 0 0.221177 -0.00312989 0.224345 -0.00156495 0.219894 0.00156495 0.216927 0 0.215443 0.00156495 0.214059 0 0.209608 0.00312989 0.206741 0.00156495 0.205358 0.00625978 0.197939 0.00469484 0.196556 0.00312989 0.195172 0.00156495 0.190821 0.00469484 0.187854 0.00312989 0.18637 0.00156495 0.184987 0 0.189638 0 0.192705 0.00156495 0.191222 0.00625978 0.189838 0.00156495 0.185387 0.00312989 0.186971 0.00312989 0.184004 0.00156495 0.18262 -0.00312989 0.187371 -0.00469484 0.18292 -0.00469484 0.179953 -0.00625978 0.175502 -0.00469484 0.174118 -0.00782473 0.171151 -0.00469484 0.168184 -0.00156495 0.165216 -0.00469484 0.159282 -0.00312989 0.157798 -0.00156495 0.156314 -0.00312989 0.154831 -0.00625978 0.148896 -0.00312989 0.142961 -0.00312989 0.139994 -0.00156495 0.135543 0.00156495 0.132575 0 0.128124 -0.00312989 0.12219 -0.00469484 0.120706 -0.00782473 0.120806 -0.00782473 0.123974 -0.00782473 0.121006 -0.00782473 0.124074 -0.0109546 0.124174 -0.0125196 0.12269 -0.0140845 0.121307 -0.0140845 0.118339 -0.0109546 0.121507 -0.0125196 0.120023 -0.0125196 0.117056 -0.0125196 0.114089 -0.0109546 0.121807 -0.0109546 0.115873 -0.00938967 0.114389 -0.0109546 0.109938 -0.0109546 0.116073 -0.00938967 0.117657 -0.00782473 0.119241 -0.00938967 0.117757 -0.00938967 0.114789 -0.00938967 0.111822 -0.00938967 0.111922 -0.00782473 0.110439 -0.00782473 0.110539 -0.00782473 0.113606 -0.00625978 0.118257 -0.00625978 0.11529 -0.00938967 0.112323 -0.00782473 0.110939 -0.00782473 0.107972 -0.00782473 0.107972 -0.00938967 0.106488 -0.0109546 0.105004 -0.00938967 0.106588 -0.0109546 0.108172 -0.0125196 0.109756 -0.0109546 0.108272 -0.0125196 0.103821 -0.0125196 0.103821 -0.0125196 0.106889 -0.0109546 0.102438 -0.0109546 0.105505 -0.00782473 0.102538 
-0.00156495 0.497524 0.00156495 0.49169 0.00625978 0.484371 0.00469484 0.47992 0.00938967 0.472502 0.0125196 0.466667 0.00938967 0.4639 0.00782473 0.459549 0.00625978 0.449163 0.00625978 0.446296 0.00469484 0.44788 0.00625978 0.440562 0.00469484 0.433143 0.00469484 0.424241 -0.00312989 0.41989 -0.00469484 0.412472 -0.00312989 0.402086 -0.00469484 0.397635 -0.00469484 0.3917 -0.00312989 0.384282 0 0.384382 -0.00312989 0.384482 -0.00156495 0.377064 -0.00469484 0.377264 -0.00469484 0.371329 -0.00625978 0.366979 -0.00469484 0.362528 -0.00312989 0.355109 -0.00156495 0.347691 -0.00469484 0.347791 -0.00156495 0.341856 0.00312989 0.337405 0.00312989 0.334438 0.00782473 0.329987 0.0109546 0.327119 0.00782473 0.321185 0.00469484 0.318318 0.00469484 0.318418 0.00625978 0.317034 0.00469484 0.309616 -0.00312989 0.302197 -0.00156495 0.300814 -0.00469484 0.294879 0 0.290428 0 0.284493 0 0.281526 0.00625978 0.272624 0.00625978 0.266689 0.0125196 0.260754 0.0109546 0.259371 0.0125196 0.251952 0.0140845 0.244534 0.0125196 0.240083 0.0125196 0.234148 0.0125196 0.234248 0.0109546 0.232765 0.0140845 0.232865 0.00938967 0.231481 0.00938967 0.228614 0.00469484 0.221196 0.00625978 0.216745 0.00625978 0.213777 0.00782473 0.215361 0.00938967 0.21091 0.00938967 0.21101 0.00938967 0.208043 0.00938967 0.202108 0.0125196 0.196173 0.0140845 0.191722 0.0156495 0.187271 0.0187793 0.184304 0.0187793 0.181337 0.0172144 0.18292 0.0187793 0.178469 0.0187793 0.178569 0.0219092 0.175602 0.0219092 0.172635 0.0219092 0.172735 0.0219092 0.1668 0.0203443 0.159382 0.0219092 0.157898 0.0219092 0.160966 0.0203443 0.159582 0.0187793 0.161166 0.0187793 0.158198 0.0156495 0.149296 0.0187793 0.146329 0.0172144 0.147913 0.0187793 0.143462 0.0172144 0.139011 0.0140845 0.133076 0.0125196 0.131592 0.0140845 0.130209 0.0156495 0.128725 0.0140845 0.127241 0.0172144 0.124274 0.0156495 0.128925 0.0109546 0.121507 0.0109546 0.121607 0.00938967 0.117156 
0 0.752672 -0.00312989 0.737835 0 0.734968 0 0.726065 0 0.717163 0.00782473 0.706778 0.00312989 0.696392 0.00625978 0.690457 0.00312989 0.681555 0.00156495 0.674237 -0.00469484 0.665335 -0.00469484 0.6595 -0.00312989 0.652082 -0.00469484 0.650798 -0.00312989 0.646347 -0.00312989 0.646447 -0.00469484 0.639029 -0.00469484 0.62716 -0.00312989 0.619741 -0.00312989 0.613806 -0.00469484 0.612423 -0.00312989 0.611039 -0.00156495 0.603621 -0.00312989 0.59927 -0.00469484 0.594919 -0.00782473 0.592052 -0.00625978 0.584633 -0.00625978 0.581666 -0.00625978 0.569797 -0.00625978 0.572964 -0.00312989 0.56703 -0.00312989 0.561095 -0.00156495 0.553676 -0.00312989 0.552293 -0.00312989 0.558528 -0.00312989 0.555561 0.00312989 0.549626 0.00156495 0.545175 0.00312989 0.543691 -0.00156495 0.53924 -0.00156495 0.533305 0 0.528854 -0.00312989 0.525887 -0.00782473 0.521536 -0.00938967 0.51115 -0.0109546 0.500765 -0.00782473 0.49483 -0.00625978 0.490379 -0.00782473 0.485928 -0.00625978 0.481477 -0.00469484 0.477026 -0.00312989 0.469607 -0.00312989 0.46664 0.00156495 0.459222 0.00156495 0.456254 0.00312989 0.454771 0 0.448836 0.00156495 0.444385 0.00312989 0.439934 0.00469484 0.432515 0.00469484 0.429548 0 0.425097 0 0.42213 -0.00156495 0.417679 -0.00156495 0.411744 -0.00156495 0.405809 0.00156495 0.396907 -0.00156495 0.390972 0 0.383554 -0.00312989 0.380687 -0.00156495 0.38227 -0.00312989 0.374852 0 0.36595 0 0.360015 -0.00156495 0.355564 -0.00312989 0.351113 -0.00312989 0.345178 -0.00469484 0.346762 -0.00156495 0.33786 -0.00312989 0.330442 -0.00156495 0.332026 -0.00312989 0.330542 0 0.327575 0.00156495 0.326091 0 0.324607 -0.00156495 0.323124 0 0.32164 0 0.318773 0 0.312838 0.00312989 0.306903 0.00312989 0.306903 -0.00156495 0.30552 0.00312989 0.304136 0.00312989 0.304136 0.00156495 0.302652 0 0.301169 -0.00469484 0.296718 -0.00469484 0.29375 -0.00469484 0.290783 -0.00625978 0.283365 
0.00156495 0.995449 0.00312989 0.985063 0.00156495 0.974677 -0.00156495 0.968743 0 0.958357 0.00156495 0.947971 0.00312989 0.937585 0.00625978 0.928683 0.00625978 0.916814 0.0109546 0.906428 0.0156495 0.89901 0.0219092 0.88714 0.0203443 0.879722 0.0250391 0.872303 0.028169 0.866369 0.0266041 0.85895 0.028169 0.851532 0.0250391 0.84263 0.028169 0.833728 0.0250391 0.827793 0.028169 0.818891 0.0328638 0.811473 0.0438185 0.801087 0.0500782 0.789217 0.0469484 0.780315 0.0469484 0.771413 0.0469484 0.762511 0.0453834 0.752125 0.0422535 0.743223 0.0438185 0.738772 0.0438185 0.735805 0.0406886 0.72987 0.0391236 0.719484 0.0422535 0.71355 0.0391236 0.707615 0.0328638 0.70168 0.0328638 0.695746 0.0344288 0.682392 0.0328638 0.674974 0.0312989 0.670523 0.028169 0.664588 0.0266041 0.660137 0.0250391 0.649752 0.0266041 0.642333 0.0203443 0.636398 0.0234742 0.627496 0.0219092 0.626013 0.0203443 0.624529 0.0203443 0.621562 0.0140845 0.615627 0.0140845 0.609692 0.0109546 0.603757 0.0140845 0.60079 0.0109546 0.594855 0.0109546 0.594855 0.00938967 0.590404 0.00782473 0.585953 0.00938967 0.578535 0.00938967 0.5726 0.00782473 0.568149 0.00782473 0.562214 0.0109546 0.55628 0.00938967 0.548861 0.00938967 0.545894 0.00938967 0.536992 0.0125196 0.52809 0.00938967 0.522155 0.0125196 0.513253 0.0125196 0.510286 0.00312989 0.501384 0.00469484 0.496933 0.0109546 0.490998 0.0125196 0.489514 0.0125196 0.483579 0.0140845 0.476161 0.0156495 0.47171 0.0172144 0.464292 0.0172144 0.464292 0.0172144 0.464292 0.0203443 0.458357 0.0203443 0.452422 0.0156495 0.445004 0.0172144 0.44362 0.0172144 0.440653 0.0187793 0.439169 0.0219092 0.433234 0.0203443 0.428783 0.0219092 0.4273 0.0203443 0.425816 0.0156495 0.421365 0.0156495 0.418398 0.0172144 0.416914 0.0156495 0.412463 0.0156495 0.409496 0.0156495 0.406528 0.0172144 0.405045 0.0187793 0.400593 0.0219092 0.394659 0.0172144 0.38724 0.0172144 0.381306 
0.248826 -0.000291275 0.247261 -0.00177495 0.244131 0.00446014 0.242567 0.00604395 0.241002 0.00456027 0.239437 0.00921156 0.239437 0.00921156 0.236307 0.0062442 0.233177 0.00327684 0.230047 0.000309479 0.228482 0.00189328 0.225352 -0.00107407 0.222222 -0.00404143 0.220657 -0.00552511 0.217527 -0.00849247 0.217527 -0.00849247 0.217527 -0.00849247 0.212833 -0.00987603 0.212833 -0.00680854 0.212833 -0.00680854 0.211268 -0.00215725 0.209703 -0.000573447 0.209703 0.00249404 0.208138 0.00714533 0.205008 0.00724545 0.198748 0.00131074 0.194053 -7.28186e-005 0.194053 -7.28186e-005 0.190923 2.7307e-005 0.189358 -0.00145637 0.189358 0.00161111 0.187793 0.000127433 0.186228 -0.00135625 0.184664 -0.00283993 0.183099 -0.00432361 0.181534 -0.0027398 0.181534 0.000327684 0.178404 0.00349529 0.175274 0.000527935 0.172144 0.000628061 0.169014 -0.0023393 0.167449 -0.00382298 0.165884 -0.00530666 0.164319 -0.00679034 0.162754 -0.00827402 0.161189 -0.00669021 0.159624 -0.00817389 0.159624 -0.00817389 0.159624 -0.00817389 0.159624 -0.00817389 0.158059 -0.00659009 0.156495 -0.00807377 0.15493 -0.00342248 0.15493 -0.00342248 0.15493 -0.000354991 0.153365 -0.00183867 0.153365 -0.00183867 0.153365 0.00122881 0.153365 0.0042963 0.1518 0.00281262 0.150235 0.00132894 0.14867 -0.00015474 0.14867 -0.00015474 0.147105 0.00142907 0.147105 0.00142907 0.14554 -5.4614e-005 0.14554 -5.4614e-005 0.14554 -5.4614e-005 0.143975 0.00152919 0.14241 4.55116e-005 0.140845 -0.00143817 0.13928 -0.00292185 0.137715 -0.00440553 0.137715 -0.00440553 0.137715 -0.00440553 0.13615 -0.00282172 0.13302 0.000345888 0.131455 -0.00113779 0.12989 -0.00262147 0.126761 -0.00558883 0.126761 -0.00558883 0.125196 -0.00093754 0.125196 0.00212994 0.122066 -0.000837414 0.122066 0.00223007 0.120501 0.00688136 0.120501 0.00688136 0.115806 0.00243032 0.114241 0.00401413 0.114241 0.00401413 0.112676 0.00253045 0.109546 -0.000436912 0.107981 -0.00192059 0.104851 -0.00488795 0.103286 -0.00637163 0.103286 -0.00330415 0.101721 -0.00478782 0.101721 -0.00172034 0.101721 0.00134714 0.101721 0.00134714 
0.248826 0.247274 0.245696 0.244306 0.241002 0.239855 0.237872 0.236888 0.237872 0.236888 0.234742 0.236988 0.228482 0.231054 0.228482 0.228086 0.230047 0.223635 0.226917 0.220668 0.225352 0.219184 0.220657 0.214733 0.219092 0.213249 0.217527 0.211766 0.212833 0.207315 0.211268 0.205831 0.205008 0.199896 0.203443 0.198413 0.195618 0.190994 0.195618 0.190994 0.192488 0.188027 0.189358 0.185059 0.187793 0.183576 0.186228 0.182092 0.181534 0.177641 0.179969 0.176157 0.178404 0.174674 0.175274 0.171706 0.175274 0.171706 0.172144 0.171806 0.167449 0.167355 0.167449 0.167355 0.162754 0.162904 0.162754 0.165972 0.159624 0.163004 0.156495 0.160037 0.15493 0.158553 0.15493 0.158553 0.15493 0.158553 0.153365 0.15707 0.150235 0.154102 0.147105 0.151135 0.14554 0.149651 0.14554 0.149651 0.143975 0.148168 0.143975 0.148268 0.14241 0.146784 0.140845 0.1453 0.13928 0.143817 0.134585 0.139366 0.134585 0.139366 0.13615 0.137882 0.13615 0.137882 0.13302 0.134915 0.13302 0.134915 0.12989 0.131947 0.128326 0.130464 0.128326 0.130464 0.126761 0.12898 0.125196 0.127496 0.122066 0.124529 0.120501 0.123045 0.118936 0.121562 0.118936 0.121562 0.118936 0.121562 0.118936 0.121562 0.115806 0.118594 0.114241 0.117111 0.115806 0.115627 0.114241 0.114143 0.114241 0.114143 0.114241 0.114143 0.114241 0.114143 0.111111 0.111176 0.112676 0.109692 0.112676 0.109692 0.111111 0.108208 0.107981 0.108309 0.106416 0.106825 0.104851 0.105341 0.104851 0.105341 0.103286 0.103858 0.101721 0.102374 0.101721 0.102374 0.101721 0.102374 0.100156 0.10089 0.0985915 0.0994065 0.0985915 0.0994065 0.0970266 0.0979228 0.0970266 0.0979228 0.0954617 0.0964392 0.0938967 0.0949555 0.0954617 0.0934718 0.0938967 0.0919881 0.0907668 0.0890208 0.0876369 0.0860534 0.086072 0.0845697 0.086072 0.0845697 0.086072 0.0845697 0.084507 0.0830861 
0.245696 0.497524 0.245696 0.500692 0.242567 0.494857 0.239437 0.485955 0.233177 0.477053 0.231612 0.472702 0.233177 0.468251 0.228482 0.466868 0.230047 0.456482 0.222222 0.449163 0.212833 0.443329 0.214397 0.435911 0.208138 0.433043 0.208138 0.433244 0.205008 0.427409 0.201878 0.421574 0.198748 0.418707 0.198748 0.412772 0.190923 0.405354 0.189358 0.401003 0.187793 0.402687 0.186228 0.401303 0.186228 0.398336 0.181534 0.393985 0.178404 0.394085 0.170579 0.389734 0.162754 0.379349 0.162754 0.376481 0.158059 0.381233 0.15493 0.378265 0.1518 0.375298 0.153365 0.370947 0.14867 0.360561 0.14554 0.354627 0.14554 0.348692 0.14241 0.33979 0.140845 0.335339 0.137715 0.329504 0.13928 0.328021 0.13615 0.328121 0.131455 0.329805 0.131455 0.32387 0.128326 0.320903 0.12989 0.316452 0.128326 0.312001 0.134585 0.303098 0.13302 0.29568 0.131455 0.297364 0.12989 0.292913 0.12989 0.296081 0.125196 0.291629 0.122066 0.29173 0.122066 0.285795 0.122066 0.282828 0.117371 0.278377 0.118936 0.276893 0.118936 0.276993 0.114241 0.272642 0.114241 0.27571 0.115806 0.274326 0.115806 0.271359 0.114241 0.272942 0.112676 0.268491 0.107981 0.261073 0.104851 0.255138 0.103286 0.253655 0.103286 0.250687 0.101721 0.249204 0.101721 0.249204 0.100156 0.24782 0.100156 0.241885 0.0954617 0.237434 0.0938967 0.235951 0.0923318 0.237634 0.0907668 0.239218 0.0907668 0.239318 0.0907668 0.233384 0.086072 0.228933 0.086072 0.225965 0.084507 0.224582 0.0813772 0.221614 0.0813772 0.21568 0.0782473 0.221915 0.0798122 0.226566 0.0798122 0.226566 0.0782473 0.22815 0.0782473 0.22825 0.0766823 0.226866 0.0766823 0.223899 0.0782473 0.222415 0.0782473 0.222516 0.0751174 0.219548 0.0751174 0.216581 0.0719875 0.213613 0.0719875 0.213714 0.0719875 0.213714 0.0719875 0.213814 0.0735524 0.21233 0.0719875 0.207879 0.0735524 0.203428 
0.247261 0.752672 0.250391 0.743769 0.248826 0.736351 0.247261 0.732 0.247261 0.726166 0.245696 0.71578 0.237872 0.705394 0.239437 0.697976 0.237872 0.693625 0.231612 0.68769 0.226917 0.683239 0.226917 0.680372 0.215962 0.669986 0.215962 0.661084 0.214397 0.653666 0.214397 0.644763 0.212833 0.634378 0.214397 0.629927 0.215962 0.625476 0.208138 0.621125 0.206573 0.610739 0.205008 0.606288 0.198748 0.600353 0.198748 0.594418 0.195618 0.585516 0.197183 0.581065 0.201878 0.573647 0.201878 0.564745 0.197183 0.557326 0.192488 0.549908 0.190923 0.545557 0.190923 0.539622 0.186228 0.529237 0.189358 0.523302 0.194053 0.521918 0.190923 0.515984 0.187793 0.513016 0.189358 0.508665 0.187793 0.504214 0.184664 0.504315 0.179969 0.499863 0.176839 0.499964 0.170579 0.494029 0.172144 0.489678 0.167449 0.48226 0.169014 0.483843 0.167449 0.479492 0.170579 0.473558 0.167449 0.464656 0.162754 0.460205 0.161189 0.452786 0.161189 0.452786 0.158059 0.449819 0.156495 0.445368 0.153365 0.4424 0.1518 0.434982 0.150235 0.430531 0.150235 0.424596 0.150235 0.424596 0.14554 0.417178 0.14241 0.411243 0.140845 0.40976 0.13615 0.405308 0.126761 0.396406 0.125196 0.391955 0.128326 0.383053 0.122066 0.377119 0.117371 0.3697 0.117371 0.3698 0.114241 0.366833 0.111111 0.360898 0.109546 0.356447 0.111111 0.351996 0.111111 0.351996 0.107981 0.349029 0.106416 0.35368 0.100156 0.347845 0.101721 0.343394 0.101721 0.340427 0.100156 0.336076 0.0985915 0.328658 0.0985915 0.328658 0.0938967 0.324207 0.0923318 0.316788 0.0892019 0.313921 0.0907668 0.315505 0.0892019 0.314121 0.086072 0.308187 0.0813772 0.309871 0.0829421 0.308387 0.0813772 0.303936 0.0829421 0.299485 0.0798122 0.296517 0.0829421 0.290583 0.084507 0.286132 0.0829421 0.281681 0.0813772 0.27723 0.0829421 0.278813 0.0813772 0.274362 0.0813772 0.271395 
0.248826 0.995449 0.247261 0.98803 0.244131 0.976161 0.245696 0.968743 0.234742 0.955389 0.228482 0.946487 0.222222 0.937585 0.217527 0.9272 0.211268 0.91533 0.205008 0.909395 0.203443 0.904944 0.206573 0.89901 0.197183 0.88714 0.195618 0.876754 0.198748 0.87082 0.200313 0.863401 0.201878 0.855983 0.195618 0.847081 0.201878 0.838179 0.198748 0.829277 0.200313 0.818891 0.197183 0.809989 0.189358 0.799603 0.190923 0.792185 0.189358 0.784766 0.184664 0.777348 0.179969 0.76993 0.183099 0.75806 0.183099 0.749158 0.184664 0.74174 0.179969 0.731354 0.178404 0.723935 0.183099 0.716517 0.178404 0.709099 0.178404 0.703164 0.172144 0.694262 0.176839 0.689911 0.173709 0.683976 0.170579 0.681009 0.167449 0.672107 0.165884 0.664688 0.165884 0.661721 0.170579 0.654303 0.170579 0.645401 0.165884 0.64095 0.162754 0.632047 0.159624 0.62908 0.159624 0.623145 0.158059 0.618694 0.161189 0.61276 0.159624 0.611276 0.162754 0.602374 0.164319 0.597923 0.161189 0.591988 0.15493 0.586053 0.15493 0.583086 0.1518 0.577151 0.143975 0.566766 0.14241 0.565282 0.14241 0.565282 0.140845 0.560831 0.137715 0.551929 0.137715 0.545994 0.134585 0.540059 0.13615 0.535608 0.140845 0.52819 0.13928 0.520772 0.140845 0.51632 0.13615 0.508902 0.134585 0.504451 0.134585 0.501484 0.134585 0.498516 0.134585 0.495549 0.13302 0.491098 0.134585 0.486647 0.134585 0.48368 0.13302 0.479228 0.128326 0.474777 0.125196 0.47181 0.126761 0.470326 0.128326 0.462908 0.12989 0.461424 0.12989 0.458457 0.131455 0.451039 0.128326 0.448071 0.126761 0.44362 0.128326 0.439169 0.126761 0.434718 0.126761 0.434718 0.120501 0.428783 0.114241 0.422849 0.111111 0.419881 0.112676 0.41543 0.109546 0.409496 0.106416 0.406528 0.104851 0.402077 0.106416 0.397626 0.104851 0.390208 0.0985915 0.381306 0.0970266 0.376855 
0.499218 -0.00216635 0.497653 0.00248494 0.494523 0.00258506 0.496088 0.00406874 0.494523 0.00872003 0.491393 0.00882016 0.494523 0.014855 0.492958 0.0164388 0.486698 0.0135716 0.486698 0.0197065 0.485133 0.0182229 0.482003 0.018323 0.480438 0.0168393 0.482003 0.0213905 0.480438 0.0229743 0.478873 0.0245581 0.478873 0.0306931 0.474178 0.0293095 0.471049 0.0294096 0.466354 0.0310936 0.460094 0.0282263 0.460094 0.0343613 0.461659 0.0389125 0.458529 0.0390126 0.456964 0.0405964 0.453834 0.0406965 0.450704 0.0438641 0.447574 0.0470317 0.444444 0.0471319 0.444444 0.0501993 0.441315 0.053367 0.43975 0.0549508 0.43975 0.0610857 0.438185 0.0626695 0.43662 0.0642533 0.43349 0.0643535 0.43036 0.0644536 0.428795 0.0660374 0.425665 0.0661375 0.42097 0.064754 0.419405 0.0755402 0.41784 0.077124 0.41471 0.0802916 0.411581 0.0803918 0.410016 0.0819756 0.405321 0.0836595 0.402191 0.0806921 0.399061 0.0777248 0.397496 0.0793086 0.397496 0.0823761 0.394366 0.0886112 0.391236 0.0917788 0.381847 0.0828767 0.381847 0.0951466 0.380282 0.102865 0.380282 0.105933 0.375587 0.101482 0.374022 0.0999982 0.374022 0.0999982 0.372457 0.0985145 0.369327 0.0955471 0.367762 0.100198 0.367762 0.100198 0.364632 0.0972311 0.361502 0.0973312 0.359937 0.0958475 0.359937 0.0958475 0.358372 0.100499 0.356808 0.102083 0.352113 0.100699 0.350548 0.0992154 0.348983 0.100799 0.344288 0.0963481 0.341158 0.0964483 0.339593 0.0980321 0.336463 0.0981322 0.333333 0.0982323 0.333333 0.1013 0.328638 0.0968488 0.328638 0.0999163 0.323944 0.0954652 0.320814 0.0955653 0.320814 0.0986328 0.319249 0.103284 0.314554 0.0988331 0.314554 0.104968 0.311424 0.102001 0.309859 0.100517 0.306729 0.100617 0.303599 0.0976498 0.300469 0.0977499 0.29734 0.09785 0.29421 0.0979502 0.29108 0.0980503 0.28795 0.0950829 0.286385 0.0966667 0.28169 0.0922157 0.28169 0.0922157 0.27543 0.086281 0.27543 0.0893485 
0.499218 0.249367 0.494523 0.244916 0.492958 0.2465 0.488263 0.248184 0.486698 0.2467 0.483568 0.243733 0.483568 0.246801 0.480438 0.243833 0.477308 0.240866 0.474178 0.240966 0.467919 0.238099 0.467919 0.241166 0.463224 0.236715 0.460094 0.236815 0.458529 0.235332 0.453834 0.233948 0.449139 0.232564 0.446009 0.229597 0.444444 0.228113 0.441315 0.225146 0.444444 0.228113 0.441315 0.225146 0.43975 0.22673 0.43662 0.223763 0.431925 0.219311 0.42723 0.217928 0.422535 0.213477 0.419405 0.21051 0.416275 0.207542 0.416275 0.21061 0.413146 0.207642 0.408451 0.206259 0.406886 0.213978 0.405321 0.212494 0.400626 0.208043 0.399061 0.206559 0.394366 0.205176 0.388106 0.202308 0.388106 0.202308 0.386541 0.20696 0.384977 0.205476 0.381847 0.202509 0.378717 0.202609 0.375587 0.202709 0.372457 0.199741 0.367762 0.198358 0.366197 0.196874 0.364632 0.195391 0.363067 0.193907 0.361502 0.192423 0.359937 0.194007 0.358372 0.192523 0.350548 0.185105 0.348983 0.183621 0.348983 0.183621 0.344288 0.185305 0.342723 0.189956 0.341158 0.19154 0.338028 0.19164 0.333333 0.190257 0.331768 0.188773 0.327074 0.184322 0.323944 0.181355 0.319249 0.176904 0.316119 0.177004 0.309859 0.171069 0.306729 0.168102 0.303599 0.168202 0.300469 0.165235 0.295775 0.163851 0.292645 0.160884 0.286385 0.154949 0.28169 0.150498 0.280125 0.155149 0.27543 0.150698 0.273865 0.158417 0.2723 0.156933 0.266041 0.150999 0.262911 0.148031 0.258216 0.14358 0.256651 0.142096 0.251956 0.140713 0.251956 0.14378 0.250391 0.151499 0.245696 0.150116 0.242567 0.150216 0.239437 0.147248 0.237872 0.145765 0.236307 0.144281 0.233177 0.141314 0.230047 0.141414 0.225352 0.136963 0.225352 0.136963 0.223787 0.138547 0.219092 0.137163 0.214397 0.132712 0.211268 0.129745 0.211268 0.132812 0.209703 0.131328 0.206573 0.128361 
0.499218 0.499199 0.497653 0.497715 0.499218 0.499199 0.494523 0.497815 0.489828 0.496432 0.486698 0.493465 0.486698 0.490497 0.486698 0.490497 0.483568 0.48753 0.483568 0.48753 0.482003 0.486046 0.480438 0.48763 0.478873 0.486146 0.478873 0.486146 0.477308 0.484663 0.472613 0.480212 0.474178 0.481695 0.469484 0.477344 0.469484 0.480412 0.474178 0.484863 0.475743 0.486347 0.477308 0.48783 0.478873 0.489314 0.474178 0.481895 0.474178 0.481895 0.471049 0.475961 0.467919 0.472993 0.471049 0.475961 0.472613 0.477444 0.472613 0.474477 0.471049 0.472993 0.466354 0.468542 0.460094 0.462608 0.458529 0.461124 0.456964 0.45964 0.456964 0.45964 0.452269 0.455189 0.450704 0.450738 0.452269 0.452222 0.453834 0.453706 0.453834 0.453706 0.450704 0.450738 0.447574 0.447771 0.444444 0.444803 0.441315 0.441836 0.441315 0.441836 0.442879 0.440352 0.442879 0.440352 0.442879 0.440352 0.441315 0.438869 0.43662 0.434418 0.438185 0.435901 0.43662 0.434418 0.43975 0.434418 0.43349 0.428483 0.43036 0.425516 0.43036 0.425516 0.43036 0.425516 0.425665 0.421065 0.422535 0.418097 0.419405 0.41513 0.419405 0.41513 0.419405 0.41513 0.419405 0.41513 0.419405 0.41513 0.41784 0.413646 0.41784 0.413646 0.41471 0.410679 0.413146 0.409195 0.408451 0.404744 0.408451 0.404744 0.406886 0.40326 0.406886 0.40326 0.405321 0.398809 0.406886 0.397326 0.403756 0.394358 0.403756 0.394358 0.402191 0.392875 0.402191 0.392875 0.402191 0.392875 0.402191 0.392875 0.400626 0.388424 0.400626 0.388424 0.392801 0.381005 0.394366 0.382489 0.392801 0.381005 0.389671 0.378038 0.389671 0.378038 0.386541 0.375071 0.386541 0.375071 0.386541 0.375071 0.381847 0.37062 0.381847 0.37062 0.381847 0.37062 0.380282 0.369136 0.380282 0.366168 0.380282 0.366168 0.377152 0.363201 0.375587 0.364785 0.372457 0.361818 
0.500782 0.749604 0.502347 0.74812 0.502347 0.748321 0.502347 0.742386 0.499218 0.739519 0.500782 0.74407 0.497653 0.735168 0.497653 0.7322 0.505477 0.730717 0.502347 0.727749 0.502347 0.724882 0.502347 0.722015 0.502347 0.71608 0.502347 0.71618 0.502347 0.71618 0.500782 0.717764 0.500782 0.714797 0.494523 0.702927 0.505477 0.698476 0.497653 0.691058 0.502347 0.686607 0.500782 0.685223 0.497653 0.679289 0.500782 0.673354 0.497653 0.673454 0.496088 0.67207 0.494523 0.670587 0.492958 0.663168 0.491393 0.661685 0.492958 0.657234 0.492958 0.651299 0.496088 0.648332 0.494523 0.643881 0.494523 0.637946 0.489828 0.633495 0.497653 0.632011 0.497653 0.632111 0.500782 0.632111 0.496088 0.62776 0.496088 0.624793 0.500782 0.623309 0.507042 0.620342 0.502347 0.615891 0.499218 0.609956 0.497653 0.61154 0.496088 0.607089 0.496088 0.604122 0.497653 0.59967 0.496088 0.601254 0.494523 0.599871 0.492958 0.601455 0.497653 0.599971 0.497653 0.597004 0.499218 0.598487 0.494523 0.594036 0.494523 0.591069 0.491393 0.588101 0.492958 0.586618 0.492958 0.586618 0.496088 0.589685 0.496088 0.589685 0.496088 0.592753 0.492958 0.589785 0.492958 0.586818 0.492958 0.589885 0.491393 0.591469 0.485133 0.585535 0.485133 0.582567 0.483568 0.584151 0.482003 0.585735 0.480438 0.584251 0.480438 0.581284 0.482003 0.5798 0.478873 0.576833 0.478873 0.573865 0.482003 0.573865 0.477308 0.566447 0.477308 0.566447 0.475743 0.564963 0.472613 0.561996 0.469484 0.559029 0.467919 0.554578 0.463224 0.550127 0.463224 0.550127 0.461659 0.545675 0.463224 0.544192 0.467919 0.545776 0.469484 0.544292 0.469484 0.538357 0.471049 0.536874 0.471049 0.536874 0.471049 0.536874 0.467919 0.530939 0.472613 0.529455 0.469484 0.529555 0.471049 0.528072 0.466354 0.523621 0.463224 0.520653 0.463224 0.517686 0.464789 0.51927 
0.496088 0.995449 0.494523 0.990998 0.497653 0.98803 0.497653 0.982096 0.497653 0.979128 0.499218 0.974677 0.499218 0.965775 0.499218 0.962808 0.496088 0.956873 0.492958 0.950938 0.502347 0.947971 0.502347 0.942036 0.500782 0.934618 0.499218 0.9272 0.499218 0.924232 0.492958 0.91533 0.489828 0.909395 0.491393 0.901977 0.488263 0.896042 0.483568 0.888624 0.483568 0.885657 0.482003 0.884173 0.483568 0.879722 0.485133 0.875271 0.482003 0.869336 0.485133 0.866369 0.488263 0.863401 0.482003 0.857467 0.478873 0.854499 0.475743 0.851532 0.475743 0.848565 0.478873 0.84263 0.485133 0.836695 0.485133 0.833728 0.486698 0.829277 0.491393 0.83076 0.492958 0.829277 0.489828 0.826309 0.499218 0.823342 0.499218 0.81444 0.505477 0.811473 0.505477 0.808505 0.505477 0.808505 0.508607 0.80257 0.508607 0.796636 0.507042 0.792185 0.507042 0.78625 0.508607 0.784766 0.507042 0.783283 0.507042 0.777348 0.500782 0.771413 0.497653 0.768446 0.496088 0.763995 0.500782 0.759544 0.503912 0.756576 0.499218 0.752125 0.500782 0.750642 0.499218 0.749158 0.499218 0.743223 0.497653 0.738772 0.492958 0.734321 0.499218 0.731354 0.502347 0.728387 0.510172 0.720968 0.508607 0.716517 0.508607 0.71355 0.507042 0.712066 0.508607 0.710582 0.508607 0.707615 0.505477 0.704648 0.510172 0.703164 0.517997 0.70168 0.519562 0.700197 0.522692 0.697129 0.524257 0.695645 0.525822 0.694162 0.527387 0.689711 0.528951 0.691194 0.532081 0.691194 0.533646 0.683676 0.535211 0.68516 0.533646 0.683676 0.535211 0.682192 0.538341 0.679225 0.536776 0.674774 0.536776 0.674774 0.532081 0.667355 0.535211 0.667355 0.535211 0.664388 0.535211 0.664388 0.536776 0.662904 0.536776 0.662904 0.536776 0.662904 0.539906 0.659937 0.539906 0.65697 0.539906 0.654002 0.538341 0.652519 0.543036 0.650935 0.541471 0.649451 0.539906 0.647967 
0.749609 0.00209354 0.749609 0.017431 0.752739 0.0265333 0.757433 0.0432543 0.760563 0.0492891 0.763693 0.0583914 0.763693 0.0675939 0.766823 0.0797637 0.768388 0.0843149 0.774648 0.0933171 0.779343 0.103903 0.782473 0.116073 0.785603 0.128243 0.790297 0.135761 0.791862 0.149515 0.794992 0.15555 0.796557 0.157033 0.801252 0.161484 0.802817 0.166036 0.807512 0.176622 0.809077 0.181173 0.810642 0.191859 0.812207 0.193343 0.812207 0.202545 0.815336 0.211647 0.818466 0.22075 0.820031 0.228368 0.821596 0.239054 0.821596 0.239054 0.824726 0.248157 0.824726 0.248157 0.826291 0.252708 0.829421 0.264878 0.830986 0.272496 0.832551 0.27398 0.837246 0.281499 0.840376 0.287533 0.843505 0.290501 0.846635 0.293468 0.8482 0.304154 0.849765 0.308705 0.85133 0.319392 0.852895 0.32701 0.856025 0.333045 0.859155 0.345215 0.859155 0.354417 0.862285 0.36352 0.86385 0.374206 0.865415 0.37569 0.87011 0.383208 0.871674 0.393894 0.873239 0.395378 0.874804 0.399929 0.876369 0.401413 0.877934 0.409031 0.881064 0.415066 0.881064 0.418134 0.881064 0.424269 0.881064 0.433471 0.887324 0.442473 0.890454 0.445441 0.893584 0.451475 0.895149 0.456027 0.899844 0.466613 0.899844 0.472748 0.901408 0.477299 0.904538 0.486401 0.904538 0.489469 0.906103 0.49402 0.907668 0.495503 0.910798 0.504606 0.910798 0.510741 0.910798 0.516876 0.912363 0.521427 0.913928 0.522911 0.915493 0.536664 0.917058 0.538148 0.917058 0.541215 0.918623 0.545767 0.918623 0.548834 0.920188 0.553385 0.920188 0.562588 0.926448 0.57159 0.928013 0.576141 0.928013 0.579208 0.928013 0.585343 0.928013 0.594546 0.929577 0.602165 0.934272 0.606616 0.934272 0.612751 0.935837 0.617302 0.937402 0.621853 0.937402 0.62492 0.938967 0.632539 0.938967 0.641741 0.938967 0.641741 0.938967 0.644809 0.943662 0.655395 0.943662 0.658462 0.946792 0.664497 
0.749609 0.247492 0.754304 0.261146 0.755869 0.271832 0.755869 0.274899 0.758998 0.280934 0.760563 0.288553 0.765258 0.296071 0.765258 0.302206 0.769953 0.309725 0.771518 0.317344 0.774648 0.323378 0.779343 0.330897 0.779343 0.337032 0.782473 0.346134 0.785603 0.358304 0.788732 0.364339 0.790297 0.371958 0.791862 0.385711 0.796557 0.396297 0.796557 0.4055 0.798122 0.406983 0.801252 0.419153 0.805947 0.426672 0.809077 0.429639 0.810642 0.43419 0.813772 0.440225 0.815336 0.447844 0.815336 0.450911 0.815336 0.460114 0.818466 0.463081 0.821596 0.469116 0.824726 0.475151 0.829421 0.479602 0.835681 0.488604 0.837246 0.493155 0.841941 0.497606 0.841941 0.503741 0.843505 0.508292 0.846635 0.51126 0.849765 0.520362 0.85133 0.524913 0.85133 0.534116 0.85133 0.534116 0.852895 0.535599 0.85759 0.54005 0.859155 0.541534 0.86072 0.55222 0.86385 0.561322 0.86385 0.561322 0.865415 0.565874 0.865415 0.565874 0.868545 0.571908 0.87011 0.57646 0.871674 0.577943 0.873239 0.582494 0.876369 0.588529 0.877934 0.59308 0.879499 0.597632 0.879499 0.600699 0.884194 0.60515 0.885759 0.612769 0.885759 0.615836 0.887324 0.61732 0.888889 0.618804 0.888889 0.618804 0.892019 0.624838 0.895149 0.630873 0.896714 0.638492 0.898279 0.639976 0.898279 0.643043 0.899844 0.647594 0.902973 0.650562 0.904538 0.652045 0.904538 0.655113 0.906103 0.656596 0.906103 0.662731 0.907668 0.664215 0.907668 0.664215 0.909233 0.665699 0.910798 0.67025 0.910798 0.673317 0.912363 0.677869 0.912363 0.684004 0.912363 0.693206 0.913928 0.69469 0.915493 0.696173 0.915493 0.696173 0.918623 0.702208 0.920188 0.703692 0.923318 0.706659 0.926448 0.709627 0.926448 0.709627 0.929577 0.715661 0.929577 0.715661 0.931142 0.717145 0.932707 0.718629 0.934272 0.72318 0.937402 0.732282 0.938967 0.736833 0.938967 0.736833 
0.749609 0.499026 0.751174 0.50051 0.752739 0.505061 0.752739 0.511196 0.757433 0.515647 0.758998 0.523266 0.762128 0.5293 0.763693 0.533852 0.765258 0.535335 0.766823 0.536819 0.769953 0.545921 0.774648 0.55344 0.777778 0.559475 0.779343 0.564026 0.782473 0.566993 0.782473 0.573128 0.787167 0.577579 0.791862 0.58203 0.794992 0.591133 0.798122 0.5941 0.801252 0.600135 0.802817 0.601618 0.802817 0.601618 0.802817 0.604686 0.804382 0.612305 0.804382 0.618439 0.809077 0.622891 0.809077 0.629026 0.812207 0.638128 0.813772 0.642679 0.813772 0.642679 0.813772 0.648814 0.815336 0.650298 0.818466 0.653265 0.820031 0.654749 0.821596 0.6593 0.821596 0.6593 0.823161 0.663851 0.824726 0.665335 0.830986 0.674337 0.830986 0.677404 0.832551 0.681956 0.834116 0.683439 0.835681 0.684923 0.837246 0.686407 0.840376 0.692441 0.843505 0.698476 0.846635 0.701444 0.8482 0.702927 0.8482 0.702927 0.8482 0.702927 0.849765 0.704411 0.85133 0.705895 0.85759 0.711829 0.859155 0.713313 0.859155 0.713313 0.86072 0.714797 0.86072 0.714797 0.86698 0.720731 0.86698 0.720731 0.868545 0.722215 0.873239 0.729734 0.873239 0.729734 0.873239 0.729734 0.874804 0.731217 0.874804 0.734285 0.879499 0.738736 0.884194 0.743187 0.887324 0.746154 0.888889 0.747638 0.890454 0.752189 0.890454 0.752189 0.892019 0.753673 0.893584 0.758224 0.893584 0.761291 0.896714 0.764259 0.896714 0.770394 0.896714 0.770394 0.896714 0.773461 0.898279 0.774945 0.899844 0.776429 0.901408 0.78098 0.906103 0.785431 0.909233 0.788398 0.912363 0.791366 0.913928 0.792849 0.915493 0.794333 0.915493 0.794333 0.917058 0.795817 0.917058 0.795817 0.918623 0.7973 0.921753 0.803335 0.921753 0.803335 0.923318 0.804819 0.923318 0.804819 0.923318 0.804819 0.926448 0.807786 0.928013 0.80927 0.928013 0.80927 0.931142 0.812237 
0.749609 0.747957 0.749609 0.747957 0.760563 0.752408 0.763693 0.755375 0.763693 0.755375 0.763693 0.758442 0.773083 0.764377 0.780908 0.768828 0.784038 0.771796 0.790297 0.774763 0.793427 0.77773 0.799687 0.780698 0.799687 0.780698 0.801252 0.782181 0.804382 0.785149 0.807512 0.788116 0.809077 0.7896 0.813772 0.791083 0.813772 0.794151 0.815336 0.795635 0.816901 0.797118 0.821596 0.801569 0.824726 0.801569 0.826291 0.803053 0.826291 0.803053 0.829421 0.80602 0.830986 0.807504 0.830986 0.810571 0.834116 0.813539 0.841941 0.81799 0.843505 0.819474 0.84507 0.820957 0.84507 0.820957 0.84507 0.824025 0.846635 0.825508 0.8482 0.83006 0.849765 0.831543 0.849765 0.831543 0.85446 0.833027 0.859155 0.837478 0.86072 0.838962 0.86385 0.841929 0.86385 0.841929 0.86698 0.841929 0.86698 0.841929 0.868545 0.843413 0.87011 0.844896 0.87011 0.844896 0.871674 0.849447 0.873239 0.850931 0.876369 0.850931 0.881064 0.852415 0.882629 0.853899 0.884194 0.855382 0.885759 0.856866 0.885759 0.856866 0.885759 0.856866 0.885759 0.856866 0.885759 0.856866 0.885759 0.856866 0.887324 0.85835 0.888889 0.859833 0.892019 0.865868 0.892019 0.865868 0.895149 0.865868 0.896714 0.867352 0.896714 0.867352 0.899844 0.870319 0.899844 0.870319 0.899844 0.870319 0.906103 0.873286 0.907668 0.87477 0.909233 0.876254 0.910798 0.877738 0.910798 0.877738 0.912363 0.879221 0.912363 0.879221 0.912363 0.879221 0.912363 0.879221 0.913928 0.880705 0.917058 0.883772 0.917058 0.883772 0.918623 0.885256 0.920188 0.88674 0.921753 0.888223 0.923318 0.889707 0.926448 0.892674 0.928013 0.894158 0.928013 0.894158 0.928013 0.894158 0.929577 0.895642 0.934272 0.90316 0.935837 0.904644 0.937402 0.906128 0.937402 0.906128 0.937402 0.906128 0.938967 0.907611 0.943662 0.909095 0.943662 0.909095 0.945227 0.910579 
0.748044 0.996933 0.748044 0.996933 0.757433 0.996933 0.757433 0.996933 0.760563 0.996933 0.760563 0.996933 0.766823 0.996933 0.769953 0.996933 0.773083 0.996933 0.779343 0.996933 0.785603 0.996933 0.791862 0.996933 0.791862 0.996933 0.794992 0.996933 0.801252 0.996933 0.801252 0.996933 0.804382 0.996933 0.804382 0.996933 0.804382 0.996933 0.807512 0.996933 0.820031 0.996933 0.823161 0.996933 0.826291 0.996933 0.829421 0.996933 0.832551 0.996933 0.832551 0.996933 0.838811 0.996933 0.841941 0.996933 0.841941 0.996933 0.84507 0.996933 0.85446 0.996933 0.85759 0.996933 0.85759 0.996933 0.86072 0.996933 0.86385 0.996933 0.86385 0.996933 0.86385 0.996933 0.86385 0.996933 0.86385 0.996933 0.87011 0.996933 0.876369 0.996933 0.876369 0.996933 0.876369 0.996933 0.876369 0.996933 0.879499 0.996933 0.888889 0.996933 0.888889 0.996933 0.892019 0.996933 0.895149 0.996933 0.898279 0.996933 0.898279 0.996933 0.898279 0.996933 0.898279 0.996933 0.898279 0.996933 0.898279 1 0.898279 1 0.898279 1 0.901408 1 0.901408 1 0.901408 1 0.904538 1 0.904538 1 0.904538 1 0.904538 1 0.904538 1 0.904538 1 0.904538 1 0.904538 1 0.904538 1 0.904538 1 0.907668 1 0.907668 1 0.913928 1 0.913928 1 0.917058 1 0.920188 1 0.920188 1 0.923318 1 0.923318 1 0.923318 1 0.923318 1 0.926448 1 0.926448 1 0.926448 1 0.926448 1 0.926448 1 0.926448 1 0.929577 1 0.929577 1 0.932707 1 0.932707 1 0.932707 1 0.932707 1 0.935837 1 0.938967 1 0.938967 1 0.938967 1 0.942097 1 0.942097 1 0.945227 1 
1 -0.00284903 1 0.00635343 1 0.0216908 1 0.0370283 1 0.0431632 1.00156 0.0538494 1.00313 0.067603 1.00313 0.073738 1.00313 0.0829404 1.00313 0.0952104 1.00313 0.0982778 1.00313 0.101345 1.00313 0.10748 1.00313 0.113615 1.00313 0.113615 1.00313 0.125885 1.00313 0.13202 1.00313 0.147358 1.00313 0.150425 1.00469 0.161111 1.00782 0.170214 1.00782 0.173281 1.01095 0.176248 1.01095 0.185451 1.01095 0.191586 1.01252 0.202272 1.01408 0.209891 1.01565 0.214442 1.01565 0.226712 1.01565 0.229779 1.01565 0.238982 1.01565 0.245117 1.01721 0.255803 1.01721 0.27114 1.01878 0.272624 1.01878 0.275691 1.01878 0.284894 1.01878 0.300231 1.01878 0.306366 1.01878 0.312501 1.01878 0.321704 1.01878 0.324771 1.01878 0.340108 1.01878 0.343176 1.01878 0.346243 1.01878 0.358513 1.01878 0.364648 1.01878 0.370783 1.01878 0.376918 1.01878 0.383053 1.01878 0.389188 1.01878 0.392256 1.01878 0.398391 1.01878 0.398391 1.01878 0.410661 1.01878 0.422931 1.01878 0.432133 1.01878 0.441335 1.01878 0.441335 1.02034 0.442819 1.02034 0.445887 1.02034 0.455089 1.02034 0.458157 1.02034 0.458157 1.02034 0.464292 1.02034 0.470427 1.02034 0.470427 1.02191 0.478045 1.02191 0.487248 1.02191 0.493383 1.02191 0.49645 1.02191 0.505653 1.02191 0.50872 1.02347 0.516339 1.02347 0.516339 1.02347 0.519406 1.02347 0.519406 1.02347 0.519406 1.02347 0.528609 1.02347 0.528609 1.02347 0.531676 1.0266 0.540778 1.0266 0.546913 1.0266 0.556116 1.0266 0.556116 1.0266 0.565318 1.0266 0.571453 1.0266 0.580656 1.0266 0.580656 1.0266 0.586791 1.0266 0.589858 1.0266 0.589858 1.0266 0.595993 1.0266 0.599061 1.0266 0.605196 1.0266 0.611331 1.0266 0.620533 1.0266 0.620533 1.0266 0.626668 1.0266 0.629735 
1 0.248685 1.00156 0.259371 1.00156 0.262438 1.00156 0.262438 1.00156 0.271641 1.00156 0.274708 1.00313 0.279259 1.00313 0.294597 1.00313 0.303799 1.00313 0.313002 1.00313 0.319137 1.00313 0.325272 1.00313 0.328339 1.00313 0.331407 1.00469 0.335958 1.00469 0.354363 1.00469 0.366633 1.00469 0.3697 1.00469 0.378903 1.00469 0.38197 1.00469 0.391173 1.00469 0.400375 1.00626 0.420264 1.00626 0.426399 1.00626 0.438669 1.00626 0.444803 1.00626 0.447871 1.00626 0.450938 1.00626 0.460141 1.00626 0.475478 1.00626 0.478546 1.00626 0.481613 1.00782 0.486164 1.00939 0.487648 1.01095 0.492199 1.01095 0.495267 1.01095 0.498334 1.01095 0.501402 1.01252 0.505953 1.01252 0.512088 1.01252 0.512088 1.01408 0.519707 1.01565 0.524258 1.01565 0.527325 1.01565 0.527325 1.01565 0.527325 1.01721 0.534944 1.01721 0.541079 1.01721 0.544146 1.01878 0.554832 1.01878 0.560967 1.01878 0.560967 1.01878 0.57017 1.02034 0.571654 1.02034 0.571654 1.02191 0.576205 1.02347 0.580756 1.02347 0.580756 1.02347 0.583823 1.02347 0.583823 1.02347 0.586891 1.02347 0.596093 1.02347 0.602228 1.02347 0.605296 1.02347 0.611431 1.02347 0.611431 1.02347 0.611431 1.02504 0.612914 1.02504 0.612914 1.0266 0.614398 1.0266 0.620533 1.0266 0.623601 1.02817 0.625084 1.02973 0.629635 1.02973 0.632703 1.02973 0.632703 1.0313 0.637254 1.0313 0.640321 1.0313 0.643389 1.0313 0.646456 1.03286 0.651008 1.03286 0.657143 1.03286 0.657143 1.03286 0.657143 1.03286 0.66021 1.03286 0.666345 1.03286 0.669413 1.03443 0.677031 1.03599 0.68465 1.03599 0.68465 1.03599 0.687717 1.03599 0.693852 1.03599 0.693852 1.03599 0.69692 1.03599 0.699987 1.03599 0.703055 1.03599 0.70919 1.03599 0.70919 1.03756 0.713741 1.03912 0.718292 
1 0.497151 1.00156 0.50477 1.00156 0.50477 1.00156 0.507837 1.00156 0.513972 1.00313 0.518523 1.00313 0.518523 1.00313 0.521591 1.00313 0.521591 1.00626 0.527626 1.00626 0.530693 1.00626 0.530693 1.00626 0.533761 1.00782 0.535244 1.00782 0.538312 1.00782 0.538312 1.00782 0.547514 1.00939 0.552065 1.00939 0.5582 1.00939 0.564335 1.00939 0.576605 1.00939 0.576605 1.00939 0.588875 1.00939 0.588875 1.00939 0.588875 1.00939 0.59501 1.00939 0.598078 1.00939 0.604213 1.01095 0.605696 1.01252 0.610247 1.01252 0.610247 1.01252 0.616382 1.01252 0.61945 1.01252 0.61945 1.01252 0.61945 1.01252 0.625585 1.01252 0.63172 1.01252 0.63172 1.01252 0.63172 1.01408 0.639338 1.01565 0.646957 1.01565 0.650025 1.01721 0.654576 1.01878 0.656059 1.01878 0.659127 1.02034 0.663678 1.02034 0.663678 1.02191 0.665162 1.02191 0.665162 1.02191 0.665162 1.02191 0.665162 1.02191 0.674364 1.02191 0.674364 1.02191 0.683567 1.02191 0.689702 1.02347 0.694253 1.02347 0.694253 1.02347 0.700388 1.02347 0.703455 1.02347 0.706523 1.02347 0.706523 1.02347 0.70959 1.0266 0.712558 1.0266 0.715625 1.0266 0.72176 1.0266 0.72176 1.0266 0.724828 1.0266 0.730962 1.0266 0.730962 1.02973 0.736997 1.02973 0.740065 1.0313 0.741548 1.0313 0.741548 1.0313 0.744616 1.0313 0.747683 1.03286 0.749167 1.03286 0.752235 1.03286 0.755302 1.03286 0.755302 1.03286 0.761437 1.03286 0.761437 1.03286 0.764505 1.03286 0.767572 1.03443 0.772123 1.03443 0.775191 1.03443 0.781326 1.03443 0.781326 1.03443 0.781326 1.03443 0.781326 1.03443 0.781326 1.03443 0.787461 1.03443 0.790528 1.03443 0.793596 1.03443 0.796663 1.03443 0.799731 1.03443 0.799731 1.03443 0.799731 1.03443 0.808933 1.03599 0.813484 1.03599 0.813484 
1 0.748685 1.00156 0.750168 1.00156 0.750168 1.00313 0.751652 1.00469 0.756203 1.00469 0.756203 1.00626 0.763822 1.00626 0.763822 1.00626 0.763822 1.00626 0.763822 1.00782 0.768373 1.01095 0.774408 1.01252 0.775892 1.01252 0.775892 1.01252 0.775892 1.01252 0.778959 1.01252 0.778959 1.01252 0.778959 1.01252 0.778959 1.01252 0.785094 1.01408 0.786578 1.01408 0.786578 1.01408 0.792713 1.01408 0.792713 1.01565 0.794196 1.01565 0.794196 1.01721 0.79568 1.01721 0.798748 1.01721 0.801815 1.01721 0.804882 1.01721 0.80795 1.01721 0.80795 1.01721 0.80795 1.01721 0.80795 1.01721 0.811017 1.01721 0.811017 1.01721 0.811017 1.01721 0.814085 1.01721 0.814085 1.01721 0.82022 1.01721 0.82022 1.01721 0.826355 1.01878 0.827839 1.01878 0.830906 1.02191 0.833873 1.02191 0.833873 1.02191 0.833873 1.02191 0.836941 1.02191 0.840008 1.02191 0.840008 1.02191 0.840008 1.02191 0.843076 1.02347 0.84456 1.02504 0.846043 1.02504 0.846043 1.02504 0.846043 1.02504 0.846043 1.02504 0.846043 1.02504 0.849111 1.02504 0.852178 1.02504 0.858313 1.02504 0.858313 1.02504 0.858313 1.02504 0.861381 1.02504 0.861381 1.0266 0.865932 1.0266 0.872067 1.0266 0.872067 1.02817 0.876618 1.02973 0.878102 1.02973 0.878102 1.0313 0.879585 1.0313 0.879585 1.0313 0.879585 1.0313 0.879585 1.0313 0.879585 1.0313 0.882653 1.0313 0.88572 1.03443 0.891755 1.03443 0.891755 1.03443 0.891755 1.03443 0.891755 1.03443 0.891755 1.03599 0.896306 1.03599 0.896306 1.03756 0.900857 1.03756 0.900857 1.03756 0.906992 1.03756 0.906992 1.03912 0.911544 1.03912 0.911544 1.03912 0.911544 1.03912 0.911544 1.03912 0.911544 1.03912 0.911544 1.03912 0.911544 1.03912 0.911544 1.03912 0.911544 1.03912 0.911544 1.03912 0.911544 
0.998435 0.996933 1.00156 0.996933 1.00156 0.996933 1.00156 0.996933 1.00156 0.996933 1.00156 0.996933 1.00156 0.996933 1.00156 0.996933 1.00469 0.996933 1.00469 0.996933 1.00469 1 1.00469 1 1.00469 1 1.00782 1 1.00782 1 1.00782 1 1.00782 1 1.00782 1 1.00782 1 1.00782 1 1.01095 1 1.01095 1 1.01095 1 1.01095 1 1.01095 1 1.01095 1 1.01095 1 1.01408 1 1.01408 1 1.01408 1 1.01408 1 1.01408 1 1.01408 1 1.01408 1 1.01721 1 1.01721 1 1.02034 1 1.02034 1 1.02034 1 1.02034 1 1.02034 1 1.02034 1 1.02034 1 1.02034 1 1.02034 1 1.02034 1 1.02034 1 1.02034 1 1.02034 1 1.02034 1 1.02034 1 1.02034 1 1.02034 1 1.02034 1 1.02347 1 1.02347 1 1.02347 1 1.02347 1 1.02347 1 1.02347 1 1.02347 1 1.02347 1 1.02347 1 1.02347 1 1.02347 1 1.02347 1 1.02347 1 1.02347 1 1.0266 1 1.0266 1 1.0266 1 1.0266 1 1.0266 1 1.0266 1 1.0266 1 1.0266 1 1.0266 1 1.0266 1 1.0266 1 1.0266 1 1.0266 1 1.0266 1 1.0266 1 1.0266 1 1.0266 1 1.0266 1 1.0266 1 1.0266 1 1.0266 1 1.0266 1 1.0266 1 1.0266 1 1.0266 1 1.02973 1 1.02973 1 1.02973 1 1.02973 1 1.03286 1 1.03599 1 1.03599 1 
