Q 3
deviation 0.1
b 0.1
N 300
maxNrIterations 10
updateAsynch 0
xMin 0
xMax 0.25
dimX 100
data_begin
0 1.00508
0.0025 1.13198
0.005 0.964467
0.0075 1.07614
0.01 1.04061
0.0125 1.03046
0.015 0.989848
0.0175 1.09645
0.02 1.07107
0.0225 0.908629
0.025 0.71066
0.0275 0.984772
0.03 0.730964
0.0325 0.553299
0.035 1.03046
0.0375 1.01523
0.04 0.969543
0.0425 0.233503
0.045 0.730964
0.0475 0.989848
0.05 1.03553
0.0525 0.730964
0.055 0.781726
0.0575 0.395939
0.06 1.01015
0.0625 0.111675
0.065 0.51269
0.0675 0.304569
0.07 0.588832
0.0725 0.715736
0.075 0.964467
0.0775 0.725888
0.08 0.456853
0.0825 0.923858
0.085 0.832487
0.0875 0.791878
0.09 0.431472
0.0925 0.593909
0.095 0.401015
0.0975 0.64467
0.1 0.304569
0.1025 0.431472
0.105 0.446701
0.1075 0.705584
0.11 0.436548
0.1125 0.827411
0.115 0.507614
0.1175 0.395939
0.12 0.538071
0.1225 0.862944
0.125 0.51269
0.1275 0.385787
0.13 0.675127
0.1325 0.741117
0.135 0.548223
0.1375 0.401015
0.14 0.416244
0.1425 0.360406
0.145 0.751269
0.1475 0.675127
0.15 0.279188
0.1525 0.263959
0.155 0.593909
0.1575 0.401015
0.16 0.690355
0.1625 0.923858
0.165 0.467005
0.1675 0.685279
0.17 0.700508
0.1725 0.35533
0.175 0.436548
0.1775 0.847716
0.18 0.51269
0.1825 0.309645
0.185 0.350254
0.1875 0.472081
0.19 0.649746
0.1925 0.532995
0.195 0.42132
0.1975 0.436548
0.2 0.401015
0.2025 0.477157
0.205 0.477157
0.2075 0.568528
0.21 0.563452
0.2125 0.228426
0.215 0.35533
0.2175 0.522843
0.22 0.543147
0.2225 0.563452
0.225 0.472081
0.2275 0.431472
0.23 0.304569
0.2325 0.695431
0.235 0.329949
0.2375 0.543147
0.24 0.461929
0.2425 0.243655
0.245 0.243655
0.2475 0.781726
