Q 3
deviation 0.1
N 300
maxNrIterations 5
updateAsynch 0
xMin 0
xMax 0.25
dimX 100
data_begin
0 1.04639
0.0025 0.960591
0.005 1.01026
0.0075 0.939086
0.01 1.08108
0.0125 0.98
0.015 1.12245
0.0175 0.890909
0.02 1.02041
0.0225 0.99
0.025 1.06061
0.0275 0.971429
0.03 0.980392
0.0325 0.85
0.035 0.957547
0.0375 1.00985
0.04 1
0.0425 0.921951
0.045 1.02116
0.0475 1.01036
0.05 0.861538
0.0525 0.903382
0.055 1.02128
0.0575 1.02604
0.06 0.995025
0.0625 0.99
0.065 0.79798
0.0675 0.819005
0.07 0.939252
0.0725 0.81592
0.075 0.834061
0.0775 0.806283
0.08 0.859649
0.0825 0.990291
0.085 0.872549
0.0875 0.910377
0.09 0.958549
0.0925 0.851485
0.095 0.976303
0.0975 0.616505
0.1 0.929245
0.1025 0.535354
0.105 0.282158
0.1075 0.65678
0.11 0.975728
0.1125 0.683168
0.115 0.495327
0.1175 0.845494
0.12 0.765
0.1225 0.778281
0.125 0.84058
0.1275 0.792746
0.13 0.561224
0.1325 0.709957
0.135 0.615721
0.1375 0.368421
0.14 0.276
0.1425 0.779661
0.145 0.63285
0.1475 0.643836
0.15 0.641509
0.1525 0.520179
0.155 0.715596
0.1575 0.357843
0.16 0.430233
0.1625 0.831111
0.165 0.502538
0.1675 0.396
0.17 0.457565
0.1725 0.647619
0.175 0.186508
0.1775 0.304878
0.18 0.45815
0.1825 0.536364
0.185 0.497512
0.1875 0.584821
0.19 0.533679
0.1925 0.44878
0.195 0.57767
0.1975 0.47807
0.2 0.526066
0.2025 0.497585
0.205 0.4
0.2075 0.530973
0.21 0.654008
0.2125 0.786802
0.215 0.485981
0.2175 0.506977
0.22 0.317536
0.2225 0.402844
0.225 0.581395
0.2275 0.274611
0.23 0.303644
0.2325 0.566372
0.235 0.367713
0.2375 0.526066
0.24 0.393162
0.2425 0.56338
0.245 0.663594
0.2475 0.285141
