alfa 0.07
temp 0.27
N 500
maxNrIterations 5000
updateAsynch 1
dimX 100
yMin 0
yMax 1
dimY 10
data_begin
0 1 50 1 100 0.996 150 0.996 200 0.996 250 1 300 0.996 350 0.996 400 0.996 450 0.996 500 0.992 550 0.988 600 0.988 650 0.988 700 0.988 750 0.988 800 0.984 850 0.984 900 0.98 950 0.98 1000 0.972 1050 0.976 1100 0.972 1150 0.976 1200 0.984 1250 0.988 1300 0.988 1350 0.992 1400 0.996 1450 0.996 1500 0.992 1550 0.992 1600 0.992 1650 0.992 1700 0.988 1750 0.988 1800 0.992 1850 0.992 1900 0.992 1950 0.992 2000 0.992 2050 0.992 2100 0.992 2150 0.996 2200 1 2250 1 2300 0.996 2350 0.996 2400 0.992 2450 0.996 2500 0.996 2550 0.996 2600 0.996 2650 1 2700 1 2750 0.992 2800 0.992 2850 0.992 2900 0.992 2950 0.992 3000 0.992 3050 0.988 3100 0.988 3150 0.988 3200 0.992 3250 0.992 3300 0.992 3350 0.992 3400 0.992 3450 0.996 3500 0.996 3550 0.992 3600 0.992 3650 0.984 3700 0.988 3750 0.988 3800 0.984 3850 0.984 3900 0.984 3950 0.988 4000 0.988 4050 0.988 4100 0.992 4150 0.984 4200 0.984 4250 0.984 4300 0.984 4350 0.984 4400 0.984 4450 0.984 4500 0.988 4550 0.988 4600 0.984 4650 0.976 4700 0.984 4750 0.984 4800 0.992 4850 0.992 4900 0.996 4950 0.996 
0 0.824 50 0.836 100 0.852 150 0.864 200 0.872 250 0.892 300 0.912 350 0.916 400 0.916 450 0.916 500 0.924 550 0.928 600 0.928 650 0.928 700 0.932 750 0.94 800 0.944 850 0.956 900 0.96 950 0.964 1000 0.96 1050 0.968 1100 0.968 1150 0.968 1200 0.964 1250 0.964 1300 0.968 1350 0.972 1400 0.972 1450 0.972 1500 0.972 1550 0.972 1600 0.972 1650 0.972 1700 0.976 1750 0.976 1800 0.972 1850 0.972 1900 0.98 1950 0.98 2000 0.98 2050 0.98 2100 0.984 2150 0.984 2200 0.98 2250 0.98 2300 0.98 2350 0.976 2400 0.972 2450 0.972 2500 0.972 2550 0.976 2600 0.976 2650 0.976 2700 0.98 2750 0.976 2800 0.98 2850 0.984 2900 0.988 2950 0.992 3000 0.988 3050 0.984 3100 0.984 3150 0.984 3200 0.984 3250 0.984 3300 0.988 3350 0.988 3400 0.984 3450 0.988 3500 0.988 3550 0.992 3600 0.992 3650 0.988 3700 0.988 3750 0.988 3800 0.988 3850 0.98 3900 0.98 3950 0.98 4000 0.984 4050 0.988 4100 0.992 4150 0.988 4200 0.996 4250 1 4300 1 4350 1 4400 1 4450 1 4500 1 4550 1 4600 0.996 4650 0.992 4700 0.992 4750 0.992 4800 0.992 4850 0.992 4900 0.988 4950 0.988 
0 0.656 50 0.68 100 0.704 150 0.744 200 0.768 250 0.812 300 0.812 350 0.816 400 0.824 450 0.844 500 0.856 550 0.868 600 0.876 650 0.884 700 0.888 750 0.904 800 0.9 850 0.916 900 0.916 950 0.928 1000 0.928 1050 0.928 1100 0.928 1150 0.924 1200 0.928 1250 0.936 1300 0.944 1350 0.948 1400 0.948 1450 0.948 1500 0.96 1550 0.964 1600 0.964 1650 0.968 1700 0.968 1750 0.972 1800 0.976 1850 0.976 1900 0.976 1950 0.98 2000 0.976 2050 0.976 2100 0.976 2150 0.972 2200 0.972 2250 0.976 2300 0.976 2350 0.96 2400 0.964 2450 0.964 2500 0.964 2550 0.964 2600 0.956 2650 0.956 2700 0.956 2750 0.956 2800 0.956 2850 0.96 2900 0.968 2950 0.968 3000 0.96 3050 0.96 3100 0.96 3150 0.96 3200 0.96 3250 0.96 3300 0.96 3350 0.96 3400 0.964 3450 0.972 3500 0.984 3550 0.98 3600 0.984 3650 0.988 3700 0.992 3750 0.992 3800 0.996 3850 0.996 3900 0.996 3950 0.996 4000 0.996 4050 0.988 4100 0.992 4150 0.996 4200 0.992 4250 0.992 4300 0.992 4350 0.992 4400 0.988 4450 0.992 4500 0.992 4550 0.988 4600 0.988 4650 0.988 4700 0.984 4750 0.984 4800 0.988 4850 0.988 4900 0.984 4950 0.984 
0 0.52 50 0.552 100 0.572 150 0.568 200 0.596 250 0.64 300 0.656 350 0.676 400 0.712 450 0.728 500 0.74 550 0.752 600 0.784 650 0.792 700 0.796 750 0.804 800 0.804 850 0.804 900 0.804 950 0.812 1000 0.808 1050 0.812 1100 0.82 1150 0.816 1200 0.82 1250 0.84 1300 0.848 1350 0.852 1400 0.86 1450 0.868 1500 0.876 1550 0.884 1600 0.892 1650 0.888 1700 0.9 1750 0.908 1800 0.904 1850 0.904 1900 0.912 1950 0.908 2000 0.92 2050 0.924 2100 0.916 2150 0.928 2200 0.94 2250 0.944 2300 0.94 2350 0.94 2400 0.94 2450 0.94 2500 0.952 2550 0.96 2600 0.964 2650 0.964 2700 0.964 2750 0.964 2800 0.96 2850 0.96 2900 0.96 2950 0.964 3000 0.964 3050 0.968 3100 0.968 3150 0.96 3200 0.96 3250 0.956 3300 0.96 3350 0.964 3400 0.976 3450 0.976 3500 0.972 3550 0.972 3600 0.972 3650 0.976 3700 0.976 3750 0.972 3800 0.968 3850 0.968 3900 0.968 3950 0.972 4000 0.976 4050 0.976 4100 0.976 4150 0.976 4200 0.976 4250 0.972 4300 0.98 4350 0.98 4400 0.98 4450 0.98 4500 0.98 4550 0.98 4600 0.976 4650 0.976 4700 0.972 4750 0.972 4800 0.972 4850 0.976 4900 0.976 4950 0.976 
0 0.432 50 0.468 100 0.528 150 0.576 200 0.636 250 0.676 300 0.716 350 0.744 400 0.76 450 0.768 500 0.78 550 0.8 600 0.808 650 0.804 700 0.808 750 0.816 800 0.832 850 0.856 900 0.86 950 0.864 1000 0.872 1050 0.888 1100 0.892 1150 0.896 1200 0.892 1250 0.9 1300 0.896 1350 0.896 1400 0.9 1450 0.896 1500 0.896 1550 0.912 1600 0.916 1650 0.916 1700 0.928 1750 0.924 1800 0.928 1850 0.928 1900 0.932 1950 0.94 2000 0.94 2050 0.944 2100 0.944 2150 0.94 2200 0.944 2250 0.956 2300 0.96 2350 0.96 2400 0.956 2450 0.948 2500 0.952 2550 0.96 2600 0.96 2650 0.956 2700 0.956 2750 0.964 2800 0.96 2850 0.96 2900 0.96 2950 0.96 3000 0.968 3050 0.972 3100 0.976 3150 0.972 3200 0.972 3250 0.976 3300 0.976 3350 0.976 3400 0.976 3450 0.972 3500 0.968 3550 0.972 3600 0.972 3650 0.972 3700 0.976 3750 0.98 3800 0.988 3850 0.988 3900 0.984 3950 0.988 4000 0.988 4050 0.988 4100 0.988 4150 0.988 4200 0.984 4250 0.984 4300 0.984 4350 0.984 4400 0.988 4450 0.988 4500 0.988 4550 0.988 4600 0.992 4650 0.996 4700 0.996 4750 0.996 4800 0.996 4850 0.996 4900 0.996 4950 0.992 
0 0.388 50 0.428 100 0.468 150 0.496 200 0.512 250 0.556 300 0.604 350 0.62 400 0.684 450 0.696 500 0.72 550 0.72 600 0.736 650 0.756 700 0.78 750 0.776 800 0.796 850 0.796 900 0.804 950 0.812 1000 0.812 1050 0.816 1100 0.804 1150 0.816 1200 0.828 1250 0.832 1300 0.852 1350 0.868 1400 0.88 1450 0.884 1500 0.884 1550 0.896 1600 0.892 1650 0.896 1700 0.904 1750 0.908 1800 0.912 1850 0.908 1900 0.908 1950 0.908 2000 0.908 2050 0.908 2100 0.92 2150 0.92 2200 0.924 2250 0.924 2300 0.928 2350 0.928 2400 0.936 2450 0.948 2500 0.956 2550 0.956 2600 0.952 2650 0.96 2700 0.964 2750 0.972 2800 0.972 2850 0.976 2900 0.972 2950 0.976 3000 0.976 3050 0.972 3100 0.968 3150 0.968 3200 0.968 3250 0.968 3300 0.968 3350 0.972 3400 0.968 3450 0.968 3500 0.964 3550 0.964 3600 0.96 3650 0.96 3700 0.96 3750 0.968 3800 0.972 3850 0.98 3900 0.984 3950 0.984 4000 0.984 4050 0.98 4100 0.984 4150 0.984 4200 0.988 4250 0.988 4300 0.984 4350 0.984 4400 0.984 4450 0.984 4500 0.984 4550 0.988 4600 0.988 4650 0.984 4700 0.988 4750 0.988 4800 0.988 4850 0.988 4900 0.988 4950 0.988 
0 0.368 50 0.364 100 0.404 150 0.432 200 0.432 250 0.452 300 0.476 350 0.484 400 0.5 450 0.524 500 0.568 550 0.572 600 0.572 650 0.588 700 0.608 750 0.632 800 0.652 850 0.672 900 0.688 950 0.7 1000 0.712 1050 0.74 1100 0.768 1150 0.776 1200 0.776 1250 0.796 1300 0.808 1350 0.804 1400 0.816 1450 0.82 1500 0.82 1550 0.832 1600 0.84 1650 0.848 1700 0.864 1750 0.872 1800 0.868 1850 0.876 1900 0.884 1950 0.892 2000 0.9 2050 0.9 2100 0.908 2150 0.92 2200 0.928 2250 0.928 2300 0.924 2350 0.928 2400 0.936 2450 0.94 2500 0.94 2550 0.944 2600 0.944 2650 0.948 2700 0.956 2750 0.964 2800 0.972 2850 0.976 2900 0.972 2950 0.968 3000 0.968 3050 0.968 3100 0.968 3150 0.964 3200 0.972 3250 0.976 3300 0.976 3350 0.976 3400 0.976 3450 0.976 3500 0.98 3550 0.98 3600 0.988 3650 0.988 3700 0.976 3750 0.976 3800 0.98 3850 0.98 3900 0.984 3950 0.992 4000 0.992 4050 0.988 4100 0.988 4150 0.984 4200 0.988 4250 0.984 4300 0.988 4350 0.988 4400 0.992 4450 1 4500 1 4550 1 4600 1 4650 1 4700 1 4750 0.996 4800 0.996 4850 0.996 4900 0.996 4950 0.996 
0 0.184 50 0.208 100 0.248 150 0.276 200 0.308 250 0.32 300 0.34 350 0.36 400 0.376 450 0.4 500 0.404 550 0.428 600 0.44 650 0.432 700 0.424 750 0.428 800 0.428 850 0.44 900 0.44 950 0.456 1000 0.448 1050 0.44 1100 0.432 1150 0.464 1200 0.472 1250 0.468 1300 0.464 1350 0.484 1400 0.468 1450 0.472 1500 0.48 1550 0.484 1600 0.48 1650 0.488 1700 0.492 1750 0.488 1800 0.492 1850 0.488 1900 0.492 1950 0.5 2000 0.488 2050 0.48 2100 0.468 2150 0.468 2200 0.468 2250 0.452 2300 0.456 2350 0.44 2400 0.448 2450 0.448 2500 0.448 2550 0.448 2600 0.444 2650 0.444 2700 0.448 2750 0.444 2800 0.44 2850 0.448 2900 0.44 2950 0.44 3000 0.436 3050 0.444 3100 0.444 3150 0.424 3200 0.428 3250 0.42 3300 0.424 3350 0.428 3400 0.428 3450 0.42 3500 0.432 3550 0.436 3600 0.424 3650 0.428 3700 0.436 3750 0.436 3800 0.448 3850 0.452 3900 0.46 3950 0.48 4000 0.484 4050 0.484 4100 0.48 4150 0.484 4200 0.484 4250 0.48 4300 0.472 4350 0.46 4400 0.472 4450 0.484 4500 0.476 4550 0.492 4600 0.484 4650 0.492 4700 0.48 4750 0.476 4800 0.464 4850 0.46 4900 0.472 4950 0.484 
0 0.228 50 0.256 100 0.28 150 0.292 200 0.324 250 0.336 300 0.316 350 0.34 400 0.348 450 0.352 500 0.356 550 0.376 600 0.376 650 0.364 700 0.364 750 0.36 800 0.368 850 0.348 900 0.356 950 0.352 1000 0.348 1050 0.328 1100 0.328 1150 0.34 1200 0.344 1250 0.38 1300 0.376 1350 0.372 1400 0.36 1450 0.364 1500 0.364 1550 0.364 1600 0.36 1650 0.352 1700 0.34 1750 0.344 1800 0.332 1850 0.32 1900 0.32 1950 0.332 2000 0.348 2050 0.34 2100 0.328 2150 0.328 2200 0.328 2250 0.324 2300 0.328 2350 0.332 2400 0.332 2450 0.332 2500 0.34 2550 0.328 2600 0.312 2650 0.308 2700 0.304 2750 0.3 2800 0.312 2850 0.308 2900 0.308 2950 0.304 3000 0.312 3050 0.312 3100 0.308 3150 0.304 3200 0.296 3250 0.288 3300 0.3 3350 0.3 3400 0.3 3450 0.3 3500 0.284 3550 0.276 3600 0.276 3650 0.276 3700 0.264 3750 0.272 3800 0.264 3850 0.264 3900 0.264 3950 0.256 4000 0.256 4050 0.252 4100 0.24 4150 0.232 4200 0.236 4250 0.24 4300 0.244 4350 0.244 4400 0.248 4450 0.236 4500 0.24 4550 0.24 4600 0.24 4650 0.24 4700 0.248 4750 0.252 4800 0.252 4850 0.248 4900 0.248 4950 0.256 
0 0.184 50 0.224 100 0.264 150 0.272 200 0.3 250 0.332 300 0.372 350 0.404 400 0.428 450 0.44 500 0.448 550 0.456 600 0.472 650 0.48 700 0.488 750 0.492 800 0.512 850 0.532 900 0.536 950 0.548 1000 0.556 1050 0.552 1100 0.544 1150 0.56 1200 0.56 1250 0.568 1300 0.58 1350 0.572 1400 0.576 1450 0.576 1500 0.584 1550 0.592 1600 0.588 1650 0.58 1700 0.576 1750 0.588 1800 0.58 1850 0.592 1900 0.6 1950 0.608 2000 0.612 2050 0.612 2100 0.612 2150 0.608 2200 0.616 2250 0.62 2300 0.616 2350 0.616 2400 0.608 2450 0.608 2500 0.6 2550 0.6 2600 0.592 2650 0.6 2700 0.604 2750 0.608 2800 0.6 2850 0.604 2900 0.596 2950 0.6 3000 0.6 3050 0.612 3100 0.612 3150 0.628 3200 0.636 3250 0.636 3300 0.632 3350 0.644 3400 0.656 3450 0.656 3500 0.656 3550 0.648 3600 0.648 3650 0.648 3700 0.652 3750 0.664 3800 0.668 3850 0.672 3900 0.684 3950 0.676 4000 0.672 4050 0.676 4100 0.672 4150 0.68 4200 0.688 4250 0.688 4300 0.672 4350 0.668 4400 0.692 4450 0.688 4500 0.704 4550 0.704 4600 0.704 4650 0.712 4700 0.728 4750 0.74 4800 0.74 4850 0.744 4900 0.76 4950 0.772 
0 0.096 50 0.088 100 0.092 150 0.076 200 0.064 250 0.08 300 0.048 350 0.016 400 0.008 450 -0.004 500 0.004 550 0.012 600 -0.012 650 -0.008 700 -0.016 750 -0.012 800 -0.008 850 0 900 0 950 0 1000 0.004 1050 -0.008 1100 0.004 1150 -0.004 1200 -0.004 1250 0 1300 -0.012 1350 -0.004 1400 0.004 1450 0.016 1500 0.012 1550 0.016 1600 0.02 1650 0.028 1700 0.04 1750 0.036 1800 0.036 1850 0.028 1900 0.016 1950 0.016 2000 0.012 2050 0.016 2100 0.02 2150 0.008 2200 0 2250 0.016 2300 0.016 2350 0.012 2400 0 2450 0 2500 0.008 2550 0.012 2600 0.004 2650 0.004 2700 -0.008 2750 -0.028 2800 -0.02 2850 -0.016 2900 -0.016 2950 -0.008 3000 0.004 3050 -0.004 3100 -0.02 3150 -0.016 3200 -0.008 3250 -0.036 3300 -0.032 3350 -0.028 3400 -0.028 3450 -0.04 3500 -0.016 3550 0 3600 0 3650 -0.004 3700 -0.004 3750 0.004 3800 0.012 3850 0.004 3900 0.012 3950 0.004 4000 -0.012 4050 -0.016 4100 -0.016 4150 -0.004 4200 -0.012 4250 -0.024 4300 -0.024 4350 -0.032 4400 -0.028 4450 -0.028 4500 -0.024 4550 -0.012 4600 -0.008 4650 0 4700 -0.004 4750 -0.008 4800 -0.024 4850 -0.028 4900 -0.032 4950 -0.04 
