alfa 0.12
deviation 0.1
N 500
maxNrIterations 3
updateAsynch 0
xMin 0
xMax 1.5
dimX 100
data_begin
0 1
0.015 1
0.03 1
0.045 1
0.06 1
0.075 1
0.09 1
0.105 1
0.12 1
0.135 1
0.15 1
0.165 1
0.18 1
0.195 0.988
0.21 1
0.225 0.984
0.24 0.964
0.255 0.984
0.27 0.996
0.285 0.964
0.3 0.988
0.315 0.964
0.33 0.948
0.345 0.976
0.36 0.936
0.375 0.952
0.39 0.944
0.405 0.784
0.42 0.928
0.435 0.704
0.45 0.916
0.465 0.504
0.48 0.676
0.495 0.508
0.51 0.512
0.525 0.604
0.54 0.664
0.555 0.38
0.57 0.556
0.585 0.6
0.6 0.516
0.615 0.436
0.63 0.372
0.645 0.54
0.66 0.484
0.675 0.364
0.69 0.36
0.705 0.38
0.72 0.368
0.735 0.436
0.75 0.436
0.765 0.408
0.78 0.396
0.795 0.28
0.81 0.308
0.825 0.352
0.84 0.296
0.855 0.348
0.87 0.316
0.885 0.292
0.9 0.36
0.915 0.152
0.93 0.324
0.945 0.3
0.96 0.276
0.975 0.192
0.99 0.116
1.005 0.164
1.02 0.256
1.035 0.232
1.05 0.34
1.065 0.312
1.08 0.28
1.095 0.164
1.11 0.236
1.125 0.188
1.14 0.048
1.155 0.224
1.17 0.076
1.185 0.148
1.2 0.176
1.215 0.184
1.23 0.136
1.245 0.12
1.26 0.208
1.275 0.14
1.29 0.076
1.305 0.184
1.32 0.02
1.335 0.016
1.35 0.096
1.365 0.048
1.38 0.064
1.395 0.004
1.41 0.208
1.425 0.2
1.44 0.16
1.455 0.08
1.47 0.164
1.485 0.036
1.5 0.152

