alfa 0.01
N 1000
maxNrIterations 10000
nrData 100
updateAsynch 1
xMin 0
xMax 1
dimX 5
yMin 0
yMax 1
dimY 5
data_begin
0 -0.00283286 -0.00921659 -0.0265116 -0.015361 -0.062555 -0.030722 -0.0548139 -0.0522273 -0.0594375 -0.0552995 -0.0493802 -0.0599078 -0.0738383 -0.0568356 -0.0588902 -0.0537634 -0.0771703 -0.0430108 -0.06171 -0.0291859 -0.0573227 -0.0261137 -0.0493321 -0.0184332 -0.0549934 -0.0215054 -0.0410787 -0.0184332 -0.033863 -0.0230415 -0.0189193 -0.0230415 -0.0346248 -0.0199693 -0.0279258 -0.0138249 -0.0150444 -0.0168971 -0.0171023 -0.0215054 -0.00885762 -0.0184332 -0.00293357 -0.0122888 -0.00215858 -0.00921659 -0.00164192 -0.0107527 -0.00550372 -0.0107527 0.000678661 -0.00921659 -0.000608605 -0.0122888 -0.00292481 -0.0138249 -0.00395375 -0.0122888 -0.00498268 -0.00921659 -0.00472435 -0.0122888 -0.00446603 -0.00768049 -0.0026621 -0.00768049 0.000687418 -0.00768049 0.00403694 -0.00768049 0.0014624 -0.0107527 -0.00137046 -0.0107527 -0.00420332 -0.00921659 -0.00265772 -0.0107527 -0.00111213 -0.0107527 -0.00394499 -0.0107527 -0.00961071 -0.00921659 -0.00806512 -0.00921659 -0.00806512 -0.00921659 -0.00806512 -0.00921659 -0.00806512 -0.00921659 -0.00806512 -0.00921659 -0.00806512 -0.00921659 -0.00806512 -0.00768049 -0.00651952 -0.00921659 -0.00497393 -0.00921659 -0.00497393 -0.00768049 -0.00342833 -0.00614439 -0.00188274 -0.00614439 -0.00188274 -0.00460829 -0.000337141 -0.00460829 -0.000337141 -0.00460829 -0.000337141 -0.00460829 -0.000337141 -0.00614439 0.00120845 -0.00460829 0.00275405 -0.00460829 0.00275405 -0.00460829 0.00275405 -0.00460829 0.00275405 -0.00460829 0.00275405 -0.00460829 0.00275405 -0.00460829 0.00275405 -0.00460829 0.00275405 -0.00460829 0.00275405 -0.00460829 0.00275405 -0.00460829 0.00275405 -0.00460829 0.00275405 -0.00460829 0.00275405 -0.00460829 0.00275405 -0.00460829 0.00275405 -0.00460829 0.00275405 -0.00460829 0.00275405 -0.00460829 0.00275405 -0.00460829 0.00275405 -0.00460829 0.00275405 -0.00460829 0.00275405 -0.00460829 0.00275405 -0.00460829 0.00275405 -0.00460829 0.00275405 -0.00460829 0.00275405 -0.00460829 0.00275405 -0.00460829 0.00275405 -0.00460829 0.00275405 -0.00460829 0.00275405 -0.00460829 0.00275405 -0.00460829 0.00275405 -0.00460829 0.00275405 -0.00460829 0.00275405 -0.00460829 0.00275405 -0.00460829 0.00275405 -0.00460829 0.00275405 -0.00460829 0.00275405 -0.00460829 0.00275405 -0.00460829 0.00275405 -0.00460829 0.00275405 
0.0030722 0.24839 0.0491551 0.311238 0.0752688 0.370225 0.102919 0.403711 0.110599 0.450333 0.129032 0.500558 0.138249 0.545376 0.142857 0.574742 0.142857 0.601788 0.139785 0.625743 0.150538 0.657425 0.159754 0.68782 0.156682 0.703018 0.135177 0.71255 0.132104 0.73058 0.141321 0.745003 0.149002 0.76123 0.145929 0.773336 0.133641 0.773336 0.136713 0.788275 0.136713 0.797549 0.139785 0.806823 0.135177 0.817125 0.129032 0.826399 0.115207 0.836959 0.110599 0.84752 0.115207 0.852157 0.116743 0.862718 0.12596 0.874308 0.116743 0.874566 0.115207 0.884868 0.112135 0.884868 0.107527 0.889247 0.0983103 0.892338 0.101382 0.892596 0.0998464 0.900324 0.105991 0.906507 0.109063 0.903674 0.102919 0.906507 0.0998464 0.912431 0.093702 0.918097 0.101382 0.919642 0.0967742 0.921188 0.0998464 0.921188 0.101382 0.922733 0.101382 0.925566 0.0983103 0.925566 0.0952381 0.925566 0.0921659 0.925566 0.0921659 0.928399 0.0860215 0.928399 0.0829493 0.928399 0.0814132 0.929945 0.078341 0.929945 0.0752688 0.932778 0.0691244 0.932778 0.0706605 0.934323 0.0706605 0.937414 0.0706605 0.937414 0.0675883 0.937414 0.0675883 0.937414 0.0645161 0.940247 0.06298 0.947459 0.06298 0.947459 0.06298 0.947459 0.0599078 0.947459 0.0568356 0.947459 0.0568356 0.95055 0.0537634 0.95055 0.0506912 0.95055 0.0491551 0.952095 0.0491551 0.957761 0.0491551 0.960594 0.047619 0.964972 0.0522273 0.978108 0.0506912 0.979653 0.047619 0.979653 0.0491551 0.981199 0.0491551 0.981199 0.0491551 0.981199 0.0460829 0.984032 0.047619 0.985577 0.0445469 0.985577 0.0445469 0.985577 0.0445469 0.985577 0.047619 0.985577 0.0460829 0.989956 0.0460829 0.992789 0.0491551 0.995622 0.0491551 0.995622 0.0491551 0.995622 0.0491551 0.995622 0.0491551 0.995622 0.0491551 0.995622 0.0460829 0.995622 0.0460829 0.995622 0.0460829 0.995622 0.0460829 0.995622 0.0460829 0.995622 0.0430108 0.995622 
-0.0030722 0.49801 -0.0322581 0.522993 -0.093702 0.546431 -0.112135 0.589958 -0.152074 0.610821 -0.182796 0.64894 -0.208909 0.676756 -0.24424 0.715904 -0.291859 0.735738 -0.357911 0.758147 -0.397849 0.778752 -0.420891 0.789313 -0.473118 0.807085 -0.506912 0.822025 -0.543779 0.830781 -0.589862 0.845979 -0.625192 0.856798 -0.663594 0.858344 -0.688172 0.867101 -0.715822 0.881782 -0.737327 0.890539 -0.77573 0.898008 -0.798771 0.908311 -0.823349 0.919642 -0.834101 0.929686 -0.84639 0.932778 -0.855607 0.935869 -0.860215 0.940247 -0.880184 0.944884 -0.892473 0.953641 -0.904762 0.959565 -0.910906 0.959565 -0.918587 0.966776 -0.921659 0.966776 -0.927803 0.972442 -0.935484 0.973988 -0.943164 0.975533 -0.943164 0.975533 -0.946237 0.978366 -0.946237 0.978366 -0.955453 0.981199 -0.960061 0.982745 -0.960061 0.982745 -0.961598 0.98429 -0.970814 0.98429 -0.973886 0.987123 -0.975422 0.991501 -0.981567 0.994334 -0.981567 0.997167 -0.984639 0.997167 -0.987711 0.997167 -0.987711 1 -0.987711 1 -0.987711 1 -0.987711 1 -0.987711 1 -0.987711 1 -0.987711 1 -0.987711 1 -0.990783 1 -0.990783 1 -0.990783 1 -0.990783 1 -0.990783 1 -0.993856 1 -0.993856 1 -0.993856 1 -0.993856 1 -0.993856 1 -0.993856 1 -0.993856 1 -0.993856 1 -0.993856 1 -0.993856 1 -0.993856 1 -0.993856 1 -0.993856 1 -0.993856 1 -0.993856 1 -0.993856 1 -0.993856 1 -0.993856 1 -0.993856 1 -0.993856 1 -0.993856 1 -0.993856 1 -0.993856 1 -0.993856 1 -0.993856 1 -0.993856 1 -0.993856 1 -0.993856 1 -0.993856 1 -0.993856 1 -0.993856 1 -0.993856 1 -0.993856 1 -0.993856 1 -0.993856 1 -0.993856 1 
0 0.748103 0.0522273 0.765617 0.0568356 0.769995 0.0706605 0.777465 0.102919 0.790859 0.127496 0.80554 0.129032 0.824857 0.138249 0.848295 0.141321 0.871733 0.156682 0.880232 0.184332 0.891821 0.202765 0.906244 0.202765 0.909335 0.21659 0.913972 0.258065 0.9217 0.265745 0.928911 0.273425 0.942047 0.291859 0.948229 0.302611 0.949775 0.310292 0.954153 0.302611 0.964456 0.299539 0.967547 0.305684 0.97038 0.305684 0.973213 0.30722 0.974758 0.305684 0.976304 0.308756 0.976304 0.319508 0.977849 0.321045 0.979395 0.321045 0.979395 0.324117 0.979395 0.324117 0.982486 0.324117 0.982486 0.324117 0.985319 0.319508 0.986865 0.322581 0.986865 0.325653 0.989697 0.325653 0.99253 0.325653 0.99253 0.325653 0.99253 0.325653 0.99253 0.325653 0.99253 0.325653 0.99253 0.327189 0.996909 0.327189 0.996909 0.327189 0.996909 0.327189 0.996909 0.327189 0.996909 0.327189 0.996909 0.327189 0.996909 0.324117 0.996909 0.324117 0.996909 0.324117 0.996909 0.324117 0.996909 0.324117 0.996909 0.324117 0.996909 0.324117 0.996909 0.324117 0.996909 0.324117 0.996909 0.324117 0.996909 0.322581 0.998454 0.322581 0.998454 0.322581 0.998454 0.322581 0.998454 0.322581 0.998454 0.322581 0.998454 0.322581 0.998454 0.322581 0.998454 0.322581 0.998454 0.322581 0.998454 0.322581 0.998454 0.322581 0.998454 0.322581 0.998454 0.322581 0.998454 0.322581 0.998454 0.322581 0.998454 0.322581 0.998454 0.322581 0.998454 0.322581 0.998454 0.322581 0.998454 0.322581 0.998454 0.322581 0.998454 0.322581 0.998454 0.322581 0.998454 0.322581 0.998454 0.322581 0.998454 0.322581 0.998454 0.322581 0.998454 0.322581 0.998454 0.322581 0.998454 0.322581 0.998454 0.322581 0.998454 0.325653 0.998454 0.325653 0.998454 0.324117 1 0.324117 1 0.324117 1 0.324117 1 0.324117 1 0.324117 1 
0.0015361 0.997167 -0.00460829 1 -0.0506912 1 -0.06298 1 -0.047619 1 -0.0814132 1 -0.093702 1 -0.109063 1 -0.121352 1 -0.11828 1 -0.124424 1 -0.121352 1 -0.124424 1 -0.133641 1 -0.130568 1 -0.136713 1 -0.127496 1 -0.127496 1 -0.127496 1 -0.133641 1 -0.155146 1 -0.16129 1 -0.167435 1 -0.155146 1 -0.16129 1 -0.16129 1 -0.167435 1 -0.164363 1 -0.164363 1 -0.167435 1 -0.170507 1 -0.170507 1 -0.173579 1 -0.176651 1 -0.173579 1 -0.179724 1 -0.179724 1 -0.182796 1 -0.192012 1 -0.192012 1 -0.192012 1 -0.18894 1 -0.18894 1 -0.192012 1 -0.192012 1 -0.192012 1 -0.192012 1 -0.192012 0.997167 -0.18894 0.997167 -0.18894 1 -0.192012 1 -0.195084 1 -0.195084 1 -0.195084 1 -0.195084 1 -0.192012 1 -0.18894 1 -0.185868 1 -0.185868 1 -0.18894 1 -0.18894 1 -0.192012 1 -0.192012 1 -0.192012 1 -0.192012 1 -0.192012 1 -0.195084 1 -0.195084 1 -0.195084 1 -0.192012 1 -0.198157 1 -0.195084 1 -0.192012 1 -0.192012 1 -0.192012 1 -0.18894 1 -0.182796 1 -0.185868 1 -0.18894 1 -0.18894 1 -0.18894 1 -0.185868 1 -0.185868 1 -0.185868 1 -0.18894 1 -0.185868 1 -0.185868 1 -0.182796 1 -0.182796 1 -0.182796 1 -0.182796 1 -0.179724 1 -0.173579 1 -0.173579 1 -0.173579 1 -0.173579 1 -0.173579 1 -0.173579 1 -0.173579 1 -0.173579 1 
0.248848 -0.00173825 0.313364 0.0461796 0.379416 0.104142 0.44086 0.18013 0.488479 0.233709 0.536098 0.287288 0.580645 0.343442 0.632873 0.404491 0.668203 0.459869 0.706605 0.518339 0.732719 0.558779 0.760369 0.606429 0.777266 0.634762 0.797235 0.666186 0.820276 0.700702 0.840246 0.732126 0.855607 0.756081 0.872504 0.781581 0.88172 0.802186 0.892473 0.813005 0.906298 0.843912 0.917051 0.868896 0.918587 0.873274 0.921659 0.887697 0.924731 0.890788 0.930876 0.902636 0.938556 0.910364 0.947773 0.922471 0.955453 0.933032 0.958525 0.941788 0.958525 0.950287 0.96467 0.956469 0.966206 0.960848 0.967742 0.962393 0.970814 0.968317 0.973886 0.971409 0.973886 0.971409 0.978495 0.976045 0.980031 0.977591 0.983103 0.980682 0.984639 0.982228 0.986175 0.986606 0.986175 0.986606 0.987711 0.988152 0.989247 0.989697 0.989247 0.989697 0.990783 0.991243 0.990783 0.991243 0.990783 0.991243 0.990783 0.991243 0.990783 0.991243 0.990783 0.991243 0.990783 0.994076 0.990783 0.996909 0.990783 0.996909 0.990783 0.996909 0.99232 0.998454 0.99232 0.998454 0.99232 0.998454 0.993856 1 0.993856 1 0.993856 1 0.993856 1 0.993856 1 0.993856 1 0.993856 1 0.993856 1 0.993856 1 0.993856 1 0.993856 1 0.993856 1 0.993856 1 0.993856 1 0.993856 1 0.993856 1 0.993856 1 0.993856 1 0.993856 1 0.993856 1 0.993856 1 0.993856 1 0.993856 1 0.993856 1 0.993856 1 0.993856 1 0.993856 1 0.993856 1 0.993856 1 0.993856 1 0.993856 1 0.993856 1 0.993856 1 0.993856 1 0.993856 1 0.993856 1 0.993856 1 0.993856 1 0.993856 1 0.993856 1 0.993856 1 
0.248848 0.247554 0.319508 0.318651 0.393241 0.392839 0.46851 0.468574 0.514593 0.514941 0.560676 0.564142 0.602151 0.605873 0.6298 0.633694 0.658986 0.66306 0.6851 0.689335 0.709677 0.714065 0.743472 0.748068 0.768049 0.772798 0.791091 0.795981 0.809524 0.814529 0.832565 0.837713 0.840246 0.84544 0.850998 0.85626 0.861751 0.867079 0.877112 0.882535 0.886329 0.891808 0.897081 0.902628 0.906298 0.911901 0.910906 0.916538 0.921659 0.927357 0.929339 0.935085 0.933948 0.939722 0.9447 0.950541 0.947773 0.953632 0.952381 0.958269 0.958525 0.964451 0.958525 0.964451 0.958525 0.964451 0.961598 0.967543 0.961598 0.967543 0.967742 0.973725 0.969278 0.97527 0.97235 0.978362 0.976959 0.982998 0.980031 0.98609 0.980031 0.98609 0.983103 0.989181 0.987711 0.993818 0.987711 0.993818 0.987711 0.993818 0.987711 0.993818 0.987711 0.993818 0.987711 0.993818 0.987711 0.993818 0.989247 0.995363 0.99232 0.998454 0.99232 0.998454 0.99232 0.998454 0.99232 0.998454 0.99232 0.998454 0.99232 0.998454 0.99232 0.998454 0.99232 0.998454 0.99232 0.998454 0.99232 0.998454 0.99232 0.998454 0.99232 0.998454 0.99232 0.998454 0.99232 0.998454 0.99232 0.998454 0.99232 0.998454 0.99232 0.998454 0.993856 1 0.993856 1 0.993856 1 0.993856 1 0.993856 1 0.993856 1 0.993856 1 0.993856 1 0.993856 1 0.993856 1 0.993856 1 0.993856 1 0.993856 1 0.993856 1 0.993856 1 0.993856 1 0.993856 1 0.993856 1 0.993856 1 0.993856 1 0.993856 1 0.993856 1 0.993856 1 0.993856 1 0.993856 1 0.993856 1 0.993856 1 0.993856 1 0.993856 1 0.993856 1 0.993856 1 0.993856 1 0.993856 1 
0.250384 0.500322 0.299539 0.558787 0.368664 0.59871 0.430108 0.625756 0.473118 0.6613 0.536098 0.689375 0.583717 0.726206 0.620584 0.746553 0.651306 0.767158 0.678955 0.782097 0.705069 0.810172 0.731183 0.823566 0.760369 0.840051 0.777266 0.867867 0.803379 0.887185 0.820276 0.891821 0.841782 0.906502 0.857143 0.912426 0.864823 0.919896 0.878648 0.930199 0.892473 0.940243 0.894009 0.944621 0.913978 0.954924 0.917051 0.958015 0.921659 0.959561 0.935484 0.96703 0.941628 0.970121 0.9447 0.972954 0.949309 0.977591 0.953917 0.979137 0.956989 0.979137 0.963134 0.98197 0.966206 0.985061 0.966206 0.987894 0.97235 0.994076 0.973886 0.995622 0.973886 0.995622 0.976959 0.995622 0.976959 0.995622 0.983103 0.995622 0.984639 0.997167 0.984639 0.997167 0.984639 0.997167 0.984639 0.997167 0.984639 0.997167 0.984639 0.997167 0.984639 0.997167 0.984639 0.997167 0.984639 1 0.984639 1 0.984639 1 0.984639 1 0.984639 1 0.987711 1 0.987711 1 0.987711 1 0.987711 1 0.987711 1 0.987711 1 0.987711 1 0.987711 1 0.987711 1 0.987711 1 0.987711 1 0.987711 1 0.987711 1 0.987711 1 0.987711 1 0.987711 1 0.987711 1 0.990783 1 0.990783 1 0.990783 1 0.990783 1 0.990783 1 0.990783 1 0.990783 1 0.990783 1 0.990783 1 0.990783 1 0.990783 1 0.990783 1 0.990783 1 0.990783 1 0.990783 1 0.990783 1 0.993856 1 0.993856 1 0.993856 1 0.993856 1 0.993856 1 0.993856 1 0.993856 1 0.993856 1 0.993856 1 0.993856 1 0.993856 1 0.993856 1 0.993856 1 0.993856 1 
0.248848 0.748103 0.310292 0.765875 0.384025 0.792146 0.44086 0.814038 0.499232 0.834902 0.528418 0.853961 0.571429 0.871991 0.611367 0.877916 0.645161 0.892596 0.665131 0.900066 0.706605 0.907277 0.74808 0.914747 0.778802 0.926337 0.81874 0.938185 0.832565 0.945396 0.857143 0.951579 0.869432 0.957244 0.895545 0.964714 0.903226 0.969092 0.912442 0.975017 0.915515 0.975017 0.927803 0.977849 0.932412 0.982486 0.935484 0.982486 0.943164 0.984032 0.943164 0.984032 0.9447 0.985577 0.9447 0.985577 0.956989 0.98841 0.963134 0.98841 0.963134 0.98841 0.96467 0.989956 0.967742 0.989956 0.970814 0.989956 0.976959 0.989956 0.981567 0.991501 0.981567 0.991501 0.981567 0.991501 0.981567 0.991501 0.981567 0.994334 0.981567 0.997167 0.984639 0.997167 0.984639 0.997167 0.984639 0.997167 0.984639 0.997167 0.984639 0.997167 0.984639 0.997167 0.987711 0.997167 0.987711 0.997167 0.987711 0.997167 0.987711 0.997167 0.990783 0.997167 0.990783 0.997167 0.990783 0.997167 0.990783 0.997167 0.993856 0.997167 0.993856 0.997167 0.993856 0.997167 0.993856 0.997167 0.993856 0.997167 0.993856 0.997167 0.993856 0.997167 0.993856 1 0.993856 1 0.993856 1 0.993856 1 0.993856 1 0.993856 1 0.993856 1 0.993856 1 0.993856 1 0.993856 1 0.993856 1 0.993856 1 0.993856 1 0.993856 1 0.993856 1 0.993856 1 0.993856 1 0.993856 1 0.993856 1 0.993856 1 0.993856 1 0.993856 1 0.993856 1 0.993856 1 0.993856 1 0.993856 1 0.993856 1 0.993856 1 0.993856 1 0.993856 1 0.993856 1 0.993856 1 0.993856 1 0.993856 1 0.993856 1 0.993856 1 0.993856 1 0.993856 1 
0.247312 0.997167 0.311828 0.997167 0.3702 0.997167 0.422427 0.997167 0.480799 0.997167 0.548387 0.997167 0.606759 0.997167 0.652842 0.997167 0.683564 0.997167 0.695853 0.997167 0.729647 0.997167 0.760369 0.997167 0.791091 1 0.809524 1 0.821813 1 0.837174 1 0.840246 1 0.855607 1 0.877112 1 0.883257 1 0.892473 1 0.907834 1 0.917051 1 0.920123 1 0.923195 1 0.929339 1 0.941628 1 0.947773 1 0.953917 1 0.966206 1 0.97235 1 0.97235 1 0.97235 1 0.97235 1 0.975422 1 0.981567 1 0.984639 1 0.987711 1 0.987711 1 0.987711 1 0.987711 1 0.987711 1 0.993856 1 0.993856 1 0.993856 1 0.993856 1 0.993856 1 0.993856 1 0.993856 1 0.993856 1 0.993856 1 0.993856 1 0.993856 1 0.993856 1 0.993856 1 0.993856 1 0.993856 1 0.993856 1 0.993856 1 0.993856 1 0.993856 1 0.993856 1 0.993856 1 0.993856 1 0.993856 1 0.993856 1 0.993856 1 0.993856 1 0.993856 1 0.993856 1 0.993856 1 0.993856 1 0.993856 1 0.993856 1 0.993856 1 0.993856 1 0.993856 1 0.993856 1 0.993856 1 0.993856 1 0.993856 1 0.993856 1 0.993856 1 0.993856 1 0.993856 1 0.993856 1 0.993856 1 0.993856 1 0.993856 1 0.993856 1 0.993856 1 0.993856 1 0.993856 1 0.993856 1 0.993856 1 0.993856 1 0.993856 1 0.993856 1 0.993856 1 0.993856 1 
0.499232 -0.0019309 0.534562 0.0166206 0.574501 0.0426418 0.592934 0.0895175 0.623656 0.128928 0.662058 0.170401 0.683564 0.200538 0.697389 0.214448 0.728111 0.26519 0.746544 0.289403 0.764977 0.30795 0.791091 0.356888 0.809524 0.398098 0.824885 0.43905 0.837174 0.47691 0.850998 0.510651 0.858679 0.535376 0.872504 0.566283 0.877112 0.585084 0.884793 0.601311 0.889401 0.625778 0.897081 0.659001 0.90169 0.677803 0.904762 0.717721 0.917051 0.74425 0.923195 0.773095 0.929339 0.787776 0.93702 0.806836 0.938556 0.831044 0.947773 0.848816 0.953917 0.86633 0.960061 0.883844 0.966206 0.895692 0.967742 0.897238 0.969278 0.910115 0.969278 0.921446 0.969278 0.924279 0.973886 0.931749 0.976959 0.940506 0.976959 0.943338 0.980031 0.952095 0.981567 0.962139 0.984639 0.970896 0.984639 0.973729 0.984639 0.973729 0.986175 0.975275 0.986175 0.978108 0.990783 0.98841 0.99232 0.992789 0.993856 0.994334 0.993856 0.997167 0.993856 0.997167 0.993856 0.997167 0.993856 0.997167 0.993856 0.997167 0.993856 0.997167 0.993856 0.997167 0.993856 0.997167 0.993856 0.997167 0.993856 0.997167 0.993856 0.997167 0.993856 0.997167 0.993856 0.997167 0.993856 0.997167 0.993856 0.997167 0.993856 0.997167 0.993856 0.997167 0.993856 0.997167 0.993856 0.997167 0.993856 0.997167 0.993856 0.997167 0.993856 0.997167 0.993856 0.997167 0.993856 0.997167 0.993856 0.997167 0.993856 0.997167 0.993856 0.997167 0.993856 0.997167 0.993856 0.997167 0.993856 0.997167 0.993856 0.997167 0.993856 0.997167 0.993856 0.997167 0.993856 0.997167 0.993856 0.997167 0.993856 0.997167 0.993856 0.997167 0.993856 0.997167 0.993856 0.997167 0.993856 0.997167 0.993856 0.997167 0.993856 0.997167 0.993856 0.997167 0.993856 1 0.993856 1 0.993856 1 0.993856 1 0.993856 1 0.993856 1 0.993856 1 
0.499232 0.247361 0.546851 0.332102 0.580645 0.394433 0.612903 0.449554 0.643625 0.500296 0.683564 0.565977 0.709677 0.603583 0.740399 0.640161 0.778802 0.687299 0.803379 0.726193 0.831029 0.75968 0.841782 0.778997 0.852535 0.801148 0.864823 0.813513 0.869432 0.820982 0.877112 0.831543 0.889401 0.852407 0.90169 0.867604 0.906298 0.877907 0.917051 0.888726 0.920123 0.89465 0.926267 0.900832 0.933948 0.914226 0.9447 0.930711 0.953917 0.939985 0.960061 0.946167 0.961598 0.950545 0.961598 0.950545 0.96467 0.959302 0.966206 0.963681 0.969278 0.969605 0.97235 0.978362 0.975422 0.981453 0.975422 0.981453 0.975422 0.981453 0.976959 0.982998 0.978495 0.984544 0.978495 0.984544 0.978495 0.984544 0.983103 0.989181 0.986175 0.992272 0.986175 0.992272 0.986175 0.992272 0.987711 0.993818 0.987711 0.993818 0.990783 0.996909 0.990783 0.996909 0.990783 0.996909 0.99232 0.998454 0.99232 0.998454 0.99232 0.998454 0.99232 0.998454 0.993856 1 0.993856 1 0.993856 1 0.993856 1 0.993856 1 0.993856 1 0.993856 1 0.993856 1 0.993856 1 0.993856 1 0.993856 1 0.993856 1 0.993856 1 0.993856 1 0.993856 1 0.993856 1 0.993856 1 0.993856 1 0.993856 1 0.993856 1 0.993856 1 0.993856 1 0.993856 1 0.993856 1 0.993856 1 0.993856 1 0.993856 1 0.993856 1 0.993856 1 0.993856 1 0.993856 1 0.993856 1 0.993856 1 0.993856 1 0.993856 1 0.993856 1 0.993856 1 0.993856 1 0.993856 1 0.993856 1 0.993856 1 0.993856 1 0.993856 1 0.993856 1 0.993856 1 0.993856 1 0.993856 1 0.993856 1 
0.499232 0.499486 0.551459 0.554869 0.596006 0.599691 0.640553 0.644513 0.680492 0.684699 0.698925 0.703246 0.725038 0.729521 0.752688 0.757342 0.777266 0.782071 0.800307 0.805255 0.814132 0.819165 0.823349 0.828439 0.832565 0.837713 0.84639 0.851623 0.857143 0.862442 0.875576 0.880989 0.887865 0.893354 0.898618 0.904173 0.90937 0.914992 0.918587 0.924266 0.926267 0.931994 0.933948 0.939722 0.938556 0.944359 0.940092 0.945904 0.947773 0.953632 0.956989 0.962906 0.960061 0.965997 0.961598 0.967543 0.96467 0.970634 0.967742 0.973725 0.97235 0.978362 0.976959 0.982998 0.980031 0.98609 0.983103 0.989181 0.983103 0.989181 0.986175 0.992272 0.987711 0.993818 0.989247 0.995363 0.990783 0.996909 0.99232 0.998454 0.993856 1 0.993856 1 0.993856 1 0.993856 1 0.993856 1 0.993856 1 0.993856 1 0.993856 1 0.993856 1 0.993856 1 0.993856 1 0.993856 1 0.993856 1 0.993856 1 0.993856 1 0.993856 1 0.993856 1 0.993856 1 0.993856 1 0.993856 1 0.993856 1 0.993856 1 0.993856 1 0.993856 1 0.993856 1 0.993856 1 0.993856 1 0.993856 1 0.993856 1 0.993856 1 0.993856 1 0.993856 1 0.993856 1 0.993856 1 0.993856 1 0.993856 1 0.993856 1 0.993856 1 0.993856 1 0.993856 1 0.993856 1 0.993856 1 0.993856 1 0.993856 1 0.993856 1 0.993856 1 0.993856 1 0.993856 1 0.993856 1 0.993856 1 0.993856 1 0.993856 1 0.993856 1 0.993856 1 0.993856 1 0.993856 1 0.993856 1 0.993856 1 0.993856 1 0.993856 1 
0.497696 0.748103 0.546851 0.763042 0.580645 0.785964 0.62212 0.802448 0.663594 0.818675 0.69278 0.828977 0.723502 0.843658 0.743472 0.848037 0.768049 0.860143 0.781874 0.882036 0.791091 0.893625 0.81106 0.909852 0.827957 0.917322 0.83871 0.927624 0.849462 0.932003 0.863287 0.936381 0.866359 0.942305 0.884793 0.951062 0.907834 0.958532 0.918587 0.96291 0.924731 0.965743 0.926267 0.970121 0.935484 0.976045 0.938556 0.976045 0.947773 0.979137 0.953917 0.982228 0.960061 0.982228 0.960061 0.982228 0.961598 0.986606 0.96467 0.989697 0.967742 0.989697 0.973886 0.989697 0.976959 0.99253 0.981567 0.994076 0.981567 0.996909 0.981567 0.996909 0.984639 0.996909 0.984639 0.996909 0.984639 0.996909 0.984639 0.996909 0.984639 0.996909 0.984639 0.996909 0.984639 0.996909 0.984639 0.996909 0.984639 0.996909 0.984639 0.996909 0.987711 0.996909 0.989247 0.998454 0.989247 0.998454 0.989247 0.998454 0.990783 1 0.990783 1 0.990783 1 0.990783 1 0.990783 1 0.990783 1 0.990783 1 0.990783 1 0.990783 1 0.990783 1 0.990783 1 0.990783 1 0.990783 1 0.990783 1 0.990783 1 0.990783 1 0.990783 1 0.990783 1 0.993856 1 0.993856 1 0.993856 1 0.993856 1 0.993856 1 0.993856 1 0.993856 1 0.993856 1 0.993856 1 0.993856 1 0.993856 1 0.993856 1 0.993856 1 0.993856 1 0.993856 1 0.993856 1 0.993856 1 0.993856 1 0.993856 1 0.993856 1 0.993856 1 0.993856 1 0.993856 1 0.993856 1 0.993856 1 0.993856 1 0.993856 1 0.993856 1 0.993856 1 0.993856 1 0.993856 1 0.993856 1 
0.499232 0.997167 0.56682 0.997167 0.606759 0.997167 0.643625 0.997167 0.69278 0.997167 0.735791 0.997167 0.769585 0.997167 0.800307 0.997167 0.821813 0.997167 0.837174 0.997167 0.855607 0.997167 0.864823 0.997167 0.880184 0.997167 0.883257 1 0.889401 1 0.898618 1 0.910906 1 0.917051 1 0.926267 1 0.932412 1 0.9447 1 0.947773 1 0.950845 1 0.963134 1 0.963134 1 0.969278 1 0.97235 1 0.97235 1 0.97235 1 0.97235 1 0.978495 1 0.978495 1 0.978495 1 0.981567 1 0.981567 1 0.981567 1 0.984639 1 0.984639 1 0.984639 1 0.984639 1 0.984639 1 0.984639 1 0.984639 1 0.984639 1 0.984639 1 0.984639 1 0.987711 1 0.987711 1 0.990783 1 0.990783 1 0.990783 1 0.990783 1 0.990783 1 0.990783 1 0.990783 1 0.990783 1 0.990783 1 0.990783 1 0.990783 1 0.990783 1 0.990783 1 0.990783 1 0.990783 1 0.993856 1 0.993856 1 0.993856 1 0.993856 1 0.993856 1 0.993856 1 0.993856 1 0.993856 1 0.993856 1 0.993856 1 0.993856 1 0.993856 1 0.993856 1 0.993856 1 0.993856 1 0.993856 1 0.993856 1 0.993856 1 0.993856 1 0.993856 1 0.993856 1 0.993856 1 0.993856 1 0.993856 1 0.993856 1 0.993856 1 0.993856 1 0.993856 1 0.993856 1 0.993856 1 0.993856 1 0.993856 1 0.993856 1 0.993856 1 0.993856 1 0.993856 1 0.993856 1 
0.751152 -0.000577956 0.766513 0.0290423 0.788018 0.0761764 0.801843 0.129747 0.820276 0.182288 0.83871 0.226331 0.849462 0.273978 0.861751 0.323169 0.875576 0.371074 0.88172 0.419749 0.894009 0.460443 0.903226 0.498045 0.913978 0.523028 0.918587 0.555994 0.924731 0.587672 0.933948 0.63094 0.938556 0.661072 0.943164 0.688372 0.946237 0.719792 0.949309 0.73988 0.953917 0.764347 0.955453 0.774391 0.958525 0.788814 0.96467 0.831823 0.967742 0.851912 0.970814 0.874833 0.973886 0.88359 0.975422 0.890801 0.975422 0.902133 0.978495 0.916555 0.978495 0.919388 0.978495 0.922221 0.983103 0.935356 0.983103 0.946688 0.984639 0.951066 0.986175 0.958278 0.986175 0.963943 0.987711 0.965489 0.987711 0.968322 0.987711 0.968322 0.987711 0.973988 0.989247 0.981199 0.989247 0.981199 0.989247 0.984032 0.989247 0.986865 0.989247 0.986865 0.989247 0.99253 0.989247 0.99253 0.989247 0.99253 0.989247 0.99253 0.989247 0.99253 0.990783 0.994076 0.990783 0.994076 0.990783 0.994076 0.990783 0.994076 0.990783 0.994076 0.990783 0.994076 0.990783 0.994076 0.990783 0.994076 0.993856 0.997167 0.993856 1 0.993856 1 0.993856 1 0.993856 1 0.993856 1 0.993856 1 0.993856 1 0.993856 1 0.993856 1 0.993856 1 0.993856 1 0.993856 1 0.993856 1 0.993856 1 0.993856 1 0.993856 1 0.993856 1 0.993856 1 0.993856 1 0.993856 1 0.993856 1 0.993856 1 0.993856 1 0.993856 1 0.993856 1 0.993856 1 0.993856 1 0.993856 1 0.993856 1 0.993856 1 0.993856 1 0.993856 1 0.993856 1 0.993856 1 0.993856 1 0.993856 1 0.993856 1 0.993856 1 0.993856 1 0.993856 1 
0.749616 0.247168 0.772657 0.324177 0.794163 0.391141 0.81106 0.444969 0.824885 0.484375 0.83871 0.543612 0.852535 0.591516 0.872504 0.645603 0.877112 0.675736 0.884793 0.706127 0.897081 0.738322 0.906298 0.756094 0.917051 0.778244 0.920123 0.7955 0.924731 0.811468 0.930876 0.81765 0.938556 0.833877 0.943164 0.858344 0.950845 0.871738 0.952381 0.881782 0.961598 0.896721 0.963134 0.906765 0.96467 0.908311 0.967742 0.917068 0.970814 0.93149 0.97235 0.941534 0.975422 0.947459 0.978495 0.956215 0.978495 0.956215 0.981567 0.959307 0.983103 0.963685 0.984639 0.965231 0.987711 0.968322 0.987711 0.971155 0.987711 0.973988 0.989247 0.975533 0.989247 0.978366 0.989247 0.981199 0.989247 0.981199 0.989247 0.981199 0.989247 0.986865 0.989247 0.986865 0.989247 0.989697 0.989247 0.989697 0.989247 0.989697 0.989247 0.989697 0.990783 0.991243 0.990783 0.991243 0.990783 0.991243 0.99232 0.992789 0.99232 0.992789 0.993856 0.994334 0.993856 0.994334 0.993856 0.994334 0.993856 0.994334 0.993856 0.994334 0.993856 0.994334 0.993856 0.994334 0.993856 0.994334 0.993856 0.994334 0.993856 0.994334 0.993856 0.994334 0.993856 0.994334 0.993856 0.994334 0.993856 0.994334 0.993856 0.994334 0.993856 0.994334 0.993856 0.994334 0.993856 0.994334 0.993856 0.994334 0.993856 0.997167 0.993856 0.997167 0.993856 0.997167 0.993856 0.997167 0.993856 0.997167 0.993856 0.997167 0.993856 0.997167 0.993856 0.997167 0.993856 0.997167 0.993856 0.997167 0.993856 1 0.993856 1 0.993856 1 0.993856 1 0.993856 1 0.993856 1 0.993856 1 0.993856 1 0.993856 1 0.993856 1 0.993856 1 0.993856 1 0.993856 1 0.993856 1 0.993856 1 0.993856 1 0.993856 1 0.993856 1 0.993856 1 0.993856 1 
0.749616 0.502126 0.77573 0.548231 0.801843 0.600002 0.821813 0.648423 0.835637 0.684996 0.849462 0.715904 0.866359 0.755568 0.88172 0.782356 0.894009 0.808885 0.90169 0.830777 0.907834 0.839792 0.918587 0.853444 0.926267 0.869671 0.930876 0.877141 0.932412 0.890018 0.940092 0.906244 0.950845 0.917063 0.956989 0.923246 0.961598 0.930715 0.963134 0.932261 0.96467 0.942305 0.970814 0.954153 0.973886 0.960077 0.973886 0.96291 0.973886 0.968576 0.976959 0.9745 0.978495 0.978878 0.981567 0.984802 0.981567 0.984802 0.981567 0.984802 0.984639 0.987894 0.984639 0.987894 0.987711 0.990985 0.987711 0.990985 0.987711 0.990985 0.989247 0.99253 0.989247 0.99253 0.990783 0.994076 0.990783 0.994076 0.99232 0.995622 0.99232 0.995622 0.99232 0.995622 0.99232 0.995622 0.99232 0.995622 0.99232 0.995622 0.99232 0.995622 0.99232 0.998454 0.99232 0.998454 0.993856 1 0.993856 1 0.993856 1 0.993856 1 0.993856 1 0.993856 1 0.993856 1 0.993856 1 0.993856 1 0.993856 1 0.993856 1 0.993856 1 0.993856 1 0.993856 1 0.993856 1 0.993856 1 0.993856 1 0.993856 1 0.993856 1 0.993856 1 0.993856 1 0.993856 1 0.993856 1 0.993856 1 0.993856 1 0.993856 1 0.993856 1 0.993856 1 0.993856 1 0.993856 1 0.993856 1 0.993856 1 0.993856 1 0.993856 1 0.993856 1 0.993856 1 0.993856 1 0.993856 1 0.993856 1 0.993856 1 0.993856 1 0.993856 1 0.993856 1 0.993856 1 0.993856 1 0.993856 1 0.993856 1 0.993856 1 0.993856 1 0.993856 1 0.993856 1 0.993856 1 
0.749616 0.748585 0.772657 0.771769 0.797235 0.796498 0.821813 0.82406 0.840246 0.842608 0.857143 0.859609 0.870968 0.87352 0.880184 0.882793 0.892473 0.895158 0.910906 0.913705 0.926267 0.929161 0.932412 0.935343 0.941628 0.944617 0.947773 0.953632 0.953917 0.959815 0.955453 0.96136 0.961598 0.967543 0.963134 0.969088 0.969278 0.97527 0.97235 0.978362 0.97235 0.978362 0.975422 0.981453 0.975422 0.981453 0.975422 0.981453 0.980031 0.98609 0.983103 0.989181 0.983103 0.989181 0.984639 0.990726 0.984639 0.990726 0.986175 0.992272 0.987711 0.993818 0.987711 0.993818 0.987711 0.993818 0.987711 0.993818 0.989247 0.995363 0.989247 0.995363 0.990783 0.996909 0.990783 0.996909 0.990783 0.996909 0.99232 0.998454 0.99232 0.998454 0.99232 0.998454 0.99232 0.998454 0.99232 0.998454 0.99232 0.998454 0.99232 0.998454 0.99232 0.998454 0.99232 0.998454 0.99232 0.998454 0.99232 0.998454 0.99232 0.998454 0.99232 0.998454 0.99232 0.998454 0.99232 0.998454 0.99232 0.998454 0.99232 0.998454 0.99232 0.998454 0.99232 0.998454 0.993856 1 0.993856 1 0.993856 1 0.993856 1 0.993856 1 0.993856 1 0.993856 1 0.993856 1 0.993856 1 0.993856 1 0.993856 1 0.993856 1 0.993856 1 0.993856 1 0.993856 1 0.993856 1 0.993856 1 0.993856 1 0.993856 1 0.993856 1 0.993856 1 0.993856 1 0.993856 1 0.993856 1 0.993856 1 0.993856 1 0.993856 1 0.993856 1 0.993856 1 0.993856 1 0.993856 1 0.993856 1 0.993856 1 0.993856 1 0.993856 1 0.993856 1 0.993856 1 0.993856 1 0.993856 1 0.993856 1 0.993856 1 0.993856 1 
0.74808 0.997167 0.769585 0.997167 0.784946 0.997167 0.803379 0.997167 0.81874 0.997167 0.834101 1 0.852535 1 0.867896 1 0.895545 1 0.907834 1 0.917051 1 0.926267 1 0.932412 1 0.935484 1 0.9447 1 0.950845 1 0.956989 1 0.960061 1 0.97235 1 0.975422 1 0.975422 1 0.975422 1 0.975422 1 0.975422 1 0.978495 1 0.984639 1 0.984639 1 0.987711 1 0.987711 1 0.990783 1 0.993856 1 0.993856 1 0.993856 1 0.993856 1 0.993856 1 0.993856 1 0.993856 1 0.993856 1 0.993856 1 0.993856 1 0.993856 1 0.993856 1 0.993856 1 0.993856 1 0.993856 1 0.993856 1 0.993856 1 0.993856 1 0.993856 1 0.993856 1 0.993856 1 0.993856 1 0.993856 1 0.993856 1 0.993856 1 0.993856 1 0.993856 1 0.993856 1 0.993856 1 0.993856 1 0.993856 1 0.993856 1 0.993856 1 0.993856 1 0.993856 1 0.993856 1 0.993856 1 0.993856 1 0.993856 1 0.993856 1 0.993856 1 0.993856 1 0.993856 1 0.993856 1 0.993856 1 0.993856 1 0.993856 1 0.993856 1 0.993856 1 0.993856 1 0.993856 1 0.993856 1 0.993856 1 0.993856 1 0.993856 1 0.993856 1 0.993856 1 0.993856 1 0.993856 1 0.993856 1 0.993856 1 0.993856 1 0.993856 1 0.993856 1 0.993856 1 0.993856 1 0.993856 1 0.993856 1 0.993856 1 0.993856 1 
0.993856 -1.26121e-016 0.993856 0.0283286 0.993856 0.0736544 0.989247 0.100179 0.987711 0.135461 0.983103 0.164818 0.983103 0.193147 0.983103 0.23564 0.980031 0.260877 0.978495 0.290493 0.976959 0.320109 0.976959 0.334273 0.976959 0.373933 0.975422 0.400716 0.976959 0.424925 0.976959 0.458919 0.976959 0.473083 0.978495 0.502958 0.976959 0.526908 0.976959 0.543905 0.976959 0.563735 0.978495 0.599275 0.976959 0.640222 0.976959 0.665718 0.976959 0.691214 0.978495 0.709757 0.978495 0.755082 0.981567 0.778004 0.981567 0.792168 0.981567 0.800666 0.984639 0.829253 0.986175 0.84213 0.986175 0.853462 0.987711 0.874837 0.989247 0.884882 0.989247 0.887714 0.989247 0.896213 0.990783 0.90909 0.990783 0.920422 0.990783 0.923254 0.990783 0.934586 0.99232 0.950296 0.99232 0.953129 0.99232 0.953129 0.99232 0.96446 0.99232 0.967293 0.99232 0.970126 0.99232 0.972959 0.99232 0.978624 0.99232 0.98429 0.99232 0.987123 0.99232 0.989956 0.99232 0.992789 0.99232 0.992789 0.99232 0.995622 0.99232 0.995622 0.993856 0.997167 0.993856 0.997167 0.993856 0.997167 0.993856 0.997167 0.993856 0.997167 0.993856 0.997167 0.993856 0.997167 0.993856 0.997167 0.993856 0.997167 0.993856 0.997167 0.993856 0.997167 0.993856 0.997167 0.993856 0.997167 0.993856 0.997167 0.993856 0.997167 0.993856 0.997167 0.993856 0.997167 0.993856 0.997167 0.993856 0.997167 0.993856 0.997167 0.993856 0.997167 0.993856 0.997167 0.993856 0.997167 0.993856 0.997167 0.993856 0.997167 0.993856 0.997167 0.993856 0.997167 0.993856 0.997167 0.993856 0.997167 0.993856 0.997167 0.993856 0.997167 0.993856 0.997167 0.993856 1 0.993856 1 0.993856 1 0.993856 1 0.993856 1 0.993856 1 0.993856 1 0.993856 1 0.993856 1 0.993856 1 0.993856 1 0.993856 1 
0.993856 0.252125 0.993856 0.286119 0.99232 0.338398 0.99232 0.386556 0.99232 0.440381 0.99232 0.491372 0.99232 0.536698 0.99232 0.584857 0.99232 0.604687 0.99232 0.635848 0.99232 0.681174 0.99232 0.715168 0.99232 0.729333 0.993856 0.759207 0.993856 0.773371 0.993856 0.787535 0.993856 0.8017 0.993856 0.815864 0.993856 0.830028 0.993856 0.844193 0.993856 0.852691 0.993856 0.866856 0.993856 0.875354 0.993856 0.88102 0.993856 0.883853 0.993856 0.90085 0.993856 0.915014 0.993856 0.92068 0.993856 0.929178 0.993856 0.934844 0.993856 0.94051 0.993856 0.943343 0.993856 0.951841 0.993856 0.954674 0.993856 0.957507 0.993856 0.957507 0.993856 0.96034 0.993856 0.963173 0.993856 0.966006 0.993856 0.971671 0.993856 0.974504 0.993856 0.974504 0.993856 0.983003 0.993856 0.983003 0.993856 0.985836 0.993856 0.985836 0.993856 0.985836 0.993856 0.985836 0.993856 0.985836 0.993856 0.988669 0.993856 0.988669 0.993856 0.988669 0.993856 0.988669 0.993856 0.988669 0.993856 0.988669 0.993856 0.988669 0.993856 0.988669 0.993856 0.988669 0.993856 0.994334 0.993856 0.994334 0.993856 0.997167 0.993856 0.997167 0.993856 0.997167 0.993856 0.997167 0.993856 0.997167 0.993856 1 0.993856 1 0.993856 1 0.993856 1 0.993856 1 0.993856 1 0.993856 1 0.993856 1 0.993856 1 0.993856 1 0.993856 1 0.993856 1 0.993856 1 0.993856 1 0.993856 1 0.993856 1 0.993856 1 0.993856 1 0.993856 1 0.993856 1 0.993856 1 0.993856 1 0.993856 1 0.993856 1 0.993856 1 0.993856 1 0.993856 1 0.993856 1 0.993856 1 0.993856 1 0.993856 1 0.993856 1 0.993856 1 0.993856 1 0.993856 1 
0.993856 0.498584 0.993856 0.546742 0.993856 0.609065 0.993856 0.654391 0.993856 0.674221 0.993856 0.694051 0.993856 0.719547 0.993856 0.750708 0.993856 0.779037 0.993856 0.804533 0.993856 0.827195 0.993856 0.849858 0.993856 0.86119 0.993856 0.875354 0.993856 0.889518 0.993856 0.906516 0.993856 0.917847 0.993856 0.926346 0.993856 0.932011 0.993856 0.943343 0.993856 0.946176 0.993856 0.951841 0.993856 0.963173 0.993856 0.966006 0.993856 0.968839 0.993856 0.971671 0.993856 0.974504 0.993856 0.974504 0.993856 0.977337 0.993856 0.977337 0.993856 0.977337 0.993856 0.977337 0.993856 0.98017 0.993856 0.98017 0.993856 0.983003 0.993856 0.988669 0.993856 0.991501 0.993856 0.991501 0.993856 0.991501 0.993856 0.991501 0.993856 0.991501 0.993856 0.994334 0.993856 0.994334 0.993856 0.997167 0.993856 0.997167 0.993856 0.997167 0.993856 0.997167 0.993856 0.997167 0.993856 0.997167 0.993856 0.997167 0.993856 0.997167 0.993856 0.997167 0.993856 0.997167 0.993856 0.997167 0.993856 0.997167 0.993856 0.997167 0.993856 0.997167 0.993856 1 0.993856 1 0.993856 1 0.993856 1 0.993856 1 0.993856 1 0.993856 1 0.993856 1 0.993856 1 0.993856 1 0.993856 1 0.993856 1 0.993856 1 0.993856 1 0.993856 1 0.993856 1 0.993856 1 0.993856 1 0.993856 1 0.993856 1 0.993856 1 0.993856 1 0.993856 1 0.993856 1 0.993856 1 0.993856 1 0.993856 1 0.993856 1 0.993856 1 0.993856 1 0.993856 1 0.993856 1 0.993856 1 0.993856 1 0.993856 1 0.993856 1 0.993856 1 0.993856 1 0.993856 1 0.993856 1 0.993856 1 0.993856 1 0.993856 1 
0.993856 0.747875 0.993856 0.770538 0.993856 0.8017 0.993856 0.818697 0.993856 0.832861 0.993856 0.844193 0.993856 0.858357 0.993856 0.872521 0.993856 0.886686 0.993856 0.909348 0.993856 0.92068 0.993856 0.932011 0.993856 0.94051 0.993856 0.949008 0.993856 0.96034 0.993856 0.966006 0.993856 0.977337 0.993856 0.98017 0.993856 0.98017 0.993856 0.98017 0.993856 0.98017 0.993856 0.985836 0.993856 0.985836 0.993856 0.985836 0.993856 0.988669 0.993856 0.991501 0.993856 0.991501 0.993856 0.994334 0.993856 0.997167 0.993856 0.997167 0.993856 0.997167 0.993856 0.997167 0.993856 0.997167 0.993856 0.997167 0.993856 0.997167 0.993856 0.997167 0.993856 0.997167 0.993856 0.997167 0.993856 0.997167 0.993856 0.997167 0.993856 0.997167 0.993856 0.997167 0.993856 0.997167 0.993856 0.997167 0.993856 0.997167 0.993856 1 0.993856 1 0.993856 1 0.993856 1 0.993856 1 0.993856 1 0.993856 1 0.993856 1 0.993856 1 0.993856 1 0.993856 1 0.993856 1 0.993856 1 0.993856 1 0.993856 1 0.993856 1 0.993856 1 0.993856 1 0.993856 1 0.993856 1 0.993856 1 0.993856 1 0.993856 1 0.993856 1 0.993856 1 0.993856 1 0.993856 1 0.993856 1 0.993856 1 0.993856 1 0.993856 1 0.993856 1 0.993856 1 0.993856 1 0.993856 1 0.993856 1 0.993856 1 0.993856 1 0.993856 1 0.993856 1 0.993856 1 0.993856 1 0.993856 1 0.993856 1 0.993856 1 0.993856 1 0.993856 1 0.993856 1 0.993856 1 0.993856 1 0.993856 1 0.993856 1 0.993856 1 0.993856 1 0.993856 1 
0.993856 0.997167 0.993856 0.997167 0.993856 0.997167 0.993856 0.997167 0.993856 0.997167 0.993856 1 0.993856 1 0.993856 1 0.993856 1 0.993856 1 0.993856 1 0.993856 1 0.993856 1 0.993856 1 0.993856 1 0.993856 1 0.993856 1 0.993856 1 0.993856 1 0.993856 1 0.993856 1 0.993856 1 0.993856 1 0.993856 1 0.993856 1 0.993856 1 0.993856 1 0.993856 1 0.993856 1 0.993856 1 0.993856 1 0.993856 1 0.993856 1 0.993856 1 0.993856 1 0.993856 1 0.993856 1 0.993856 1 0.993856 1 0.993856 1 0.993856 1 0.993856 1 0.993856 1 0.993856 1 0.993856 1 0.993856 1 0.993856 1 0.993856 1 0.993856 1 0.993856 1 0.993856 1 0.993856 1 0.993856 1 0.993856 1 0.993856 1 0.993856 1 0.993856 1 0.993856 1 0.993856 1 0.993856 1 0.993856 1 0.993856 1 0.993856 1 0.993856 1 0.993856 1 0.993856 1 0.993856 1 0.993856 1 0.993856 1 0.993856 1 0.993856 1 0.993856 1 0.993856 1 0.993856 1 0.993856 1 0.993856 1 0.993856 1 0.993856 1 0.993856 1 0.993856 1 0.993856 1 0.993856 1 0.993856 1 0.993856 1 0.993856 1 0.993856 1 0.993856 1 0.993856 1 0.993856 1 0.993856 1 0.993856 1 0.993856 1 0.993856 1 0.993856 1 0.993856 1 0.993856 1 0.993856 1 0.993856 1 0.993856 1 0.993856 1 
