alfa 0.01
b 0.5
N 1000
maxNrIterations 10000
nrData 100
updateAsynch 1
xMin 0
xMax 1
dimX 7
yMin 0
yMax 1
dimY 7
data_begin
0 0 0 0 0 0 0 0 0 0 0 0 0 0 0 0 0 0 0 0 0 0 0 0 0 0 0 0 0 0 0 0 0 0 0 0 0 0 0 0 0 0 0 0 0 0 0 0 0 0 0 0 0 0 0 0 0 0 0 0 0 0 0 0 0 0 0 0 0 0 0 0 0 0 0 0 0 0 0 0 0 0 0 0 0 0 0 0 0 0 0 0 0 0 0 0 0 0 0 0 0 0 0 0 0 0 0 0 0 0 0 0 0 0 0 0 0 0 0 0 0 0 0 0 0 0 0 0 0 0 0 0 0 0 0 0 0 0 0 0 0 0 0 0 0 0 0 0 0 0 0 0 0 0 0 0 0 0 0 0 0 0 0 0 0 0 0 0 0 0 0 0 0 0 0 0 0 0 0 0 0 0 0 0 0 0 0 0 0 0 0 0 0 0 0 0 0 0 0 0 
0.00144718 0.164906 0 0.143521 -0.00868307 0.109002 -0.00578871 0.104361 -0.00723589 0.0979154 -0.0173661 0.0742148 -0.00723589 0.0597878 -0.0101302 0.0469064 -0.00723589 0.0520555 -0.00578871 0.0466437 -0.00434153 0.0383991 -0.00578871 0.045352 -0.00289436 0.0329873 0.00289436 0.0296378 0.00723589 0.0334996 0.0101302 0.0304084 0.00723589 0.0327246 0.00868307 0.0280878 0.00723589 0.0262839 0.0101302 0.0260255 0.00578871 0.0242216 0 0.0206138 0 0.0175226 0.00578871 0.0113402 0.00434153 0.00670342 0.00434153 0.00670342 0.00289436 0.00515782 0.00434153 0.000521036 0.00434153 0.00309557 0.00434153 0.00309557 0.00434153 -0.00308681 0.00434153 -0.00025395 0.00434153 -0.00025395 0.00289436 -0.00179955 0 -0.00489074 0.00144718 -0.00360347 0.00144718 -0.000770608 0.00144718 -0.000770608 0.00144718 -0.000770608 0 -0.0023162 0 -0.0023162 0 -0.0023162 0 0.000516658 0 0.000516658 0 0.000516658 0.00144718 -0.00102894 0 -0.00257453 -0.00144718 -0.00412013 -0.00144718 -0.00412013 0 -0.00566572 0 -0.00566572 0 -0.00566572 0 -0.00566572 0 -0.00566572 0 -0.00566572 0 -0.00566572 0 -0.00566572 0 -0.00566572 0 -0.00566572 0 -0.00566572 0 -0.00283286 0 -0.00283286 0 -0.00283286 0 0 0 0 0 0 0 0 0 0 0 0 0 0 0 0 0 0 0 0 0 0 0 0 0 0 0 0 0 0 0 0 0 0 0 0 0 0 0 0 0 0 0 0 0 0 0 0 0 0 0 0 0 0 0 0 0 0 0 0 0 0 0 0 0 0 0 0 0 0 0 0 0 0 
-0.00144718 0.331099 -0.00144718 0.295029 -0.00578871 0.260247 -0.0101302 0.243495 -0.0130246 0.225197 -0.0217077 0.193252 -0.0303907 0.176246 -0.0347323 0.157694 -0.0303907 0.136827 -0.0361795 0.123429 -0.0347323 0.120591 -0.0303907 0.111313 -0.0260492 0.099461 -0.0274964 0.0963654 -0.0231548 0.0994523 -0.0115774 0.0924949 -0.00723589 0.0842503 -0.00434153 0.0888827 -0.00723589 0.0731684 -0.00144718 0.0636365 0 0.0613159 0.00144718 0.0504967 0.00289436 0.0427688 0.00578871 0.0453433 0.00868307 0.0391609 0.00723589 0.0314329 0.00578871 0.0267962 0.00868307 0.023705 0.00868307 0.0265378 0.00868307 0.0172643 0.00723589 0.0157187 0.00723589 0.0154603 0.00723589 0.0123691 0.00723589 0.00618676 0.00723589 0.00901962 0.00289436 0.0072157 0.00289436 0.00695737 0.00289436 0.00695737 0 0.00669904 0.00144718 0.00515344 -0.00144718 0.00206225 -0.00144718 -0.00102894 -0.00144718 -0.00102894 -0.00144718 0.00180392 -0.00144718 0.00463679 -0.00289436 0.00309119 -0.00289436 0.00309119 -0.00289436 0.00309119 -0.00144718 0.0015456 -0.00144718 0.0015456 -0.00144718 0.0015456 -0.00144718 0.0015456 -0.00144718 0.0015456 0 0 0 0 0 0 0 0 0 0 0 0 0 0 0 0 0 0 0 0 0 0 0 0 0 0 0 0 0 0 0 0 0 0 0 0 0 0 0 0 0 0 0 0 0 0 0 0 0 0 0 0 0 0 0 0 0 0 0 0 0 0 0 0 0 0 0 0 0 0 0 0 0 0 0 0 0 0 0 0 0 0 0 0 0 0 0 0 0 0 0 0 0 0 
-0.00144718 0.496714 -0.00723589 0.442614 -0.00434153 0.397529 0.00144718 0.373824 0.00434153 0.334921 -0.00144718 0.314566 0.00289436 0.286999 -0.00144718 0.269223 -0.00578871 0.242172 0.00723589 0.221046 0.0101302 0.198375 0.00434153 0.17622 0.00289436 0.170291 0.0101302 0.146849 0.00723589 0.137059 0.00434153 0.123661 0.00144718 0.122627 0.00434153 0.107171 -0.00144718 0.100989 -0.00868307 0.0927445 -0.00434153 0.0788341 -0.00578871 0.0674983 -0.00434153 0.0564208 0.00144718 0.0528129 0.00144718 0.0435394 0.00289436 0.0389026 0.00578871 0.029629 0.00289436 0.0322035 0.00144718 0.0301413 0.00144718 0.0270501 0 0.0283374 0.00144718 0.0267918 0 0.022155 0 0.0190638 0.00289436 0.0159726 0.00144718 0.014427 0.00144718 0.0113358 0.00144718 0.00824463 0.00144718 0.00824463 0.00289436 0.00669904 0.00434153 0.00515344 0.00434153 0.00515344 0.00578871 0.00360785 0.00723589 0.00206225 0.00578871 0.000516658 0.00578871 0.000516658 0.00578871 0.00334952 0.00434153 0.00180392 0.00434153 0.00180392 0.00434153 0.00180392 0.00434153 0.00180392 0.00289436 0.000258329 0.00144718 0.0015456 0.00144718 0.0015456 0.00144718 0.0015456 0.00144718 0.0015456 0.00144718 0.0015456 0.00144718 0.0015456 0 0 0 0 0 0 0 0 0 0 0 0 0 0 0 0 0 0 0 0 0 0 0 0 0 0 0 0 0 0 0 0 0 0 0 0 0 0 0 0 0 0 0 0 0 0 0 0 0 0 0 0 0 0 0 0 0 0 0 0 0 0 0 0 0 0 0 0 0 0 0 0 0 0 0 0 0 0 0 0 0 0 0 0 
0.00144718 0.662587 0.00723589 0.617244 0.00868307 0.561857 0.00578871 0.499258 0.00434153 0.444645 0.00723589 0.403427 0.00144718 0.362466 0 0.335158 0 0.303471 0.00434153 0.26174 0.0101302 0.242676 0.00578871 0.227474 0.0101302 0.213564 0.0144718 0.196045 0.0144718 0.180331 0.0144718 0.164617 0.0130246 0.141175 0.015919 0.122627 0.0173661 0.114383 0.0173661 0.0989268 0.0231548 0.0893949 0.0289436 0.0736807 0.0347323 0.0641488 0.0289436 0.0546169 0.024602 0.0525546 0.0173661 0.0448266 0.0144718 0.0417354 0.0173661 0.0386443 0.015919 0.0309163 0.0144718 0.0291124 0.00868307 0.02293 0.0101302 0.0242172 0.0115774 0.0226716 0.0130246 0.0208677 0.0130246 0.0177765 0.0101302 0.014427 0.0101302 0.0141687 0.00868307 0.0126231 0.00868307 0.0126231 0.00723589 0.0110775 0.00578871 0.0095319 0.00434153 0.0079863 0.00434153 0.0079863 0.00144718 0.00489511 0.00144718 0.00489511 0.00289436 0.00334952 0.00289436 0.00334952 0.00289436 0.00334952 0.00289436 0.00334952 0.00289436 0.00334952 0.00289436 0.00334952 0 0.000258329 0 0.000258329 0 0.000258329 0 0.00309119 0 0.00309119 0 0.00309119 0.00144718 0.0015456 0.00144718 0.0015456 0.00144718 0.0015456 0.00144718 0.0015456 0.00144718 0.0015456 0 0 0 0 0 0 0 0 0 0 0 0 0 0 0 0 0 0 0 0 0 0 0 0 0 0 0 0 0 0 0 0 0 0 0 0 0 0 0 0 0 0 0 0 0 0 0 0 0 0 0 0 0 0 0 0 0 0 0 0 0 0 0 0 0 0 0 0 0 0 0 0 0 0 0 0 
-0.00289436 0.829748 -0.00723589 0.76792 -0.024602 0.696306 -0.0318379 0.626237 -0.0303907 0.578066 -0.015919 0.515984 -0.00868307 0.461888 -0.015919 0.422731 0.00144718 0.378938 0.00289436 0.343131 0.00434153 0.313248 0.00434153 0.282078 0.0101302 0.251166 0.00868307 0.231073 0.0115774 0.209435 0.0173661 0.193462 0.015919 0.179293 0.015919 0.166929 0.0188133 0.14529 0.0217077 0.132667 0.015919 0.126227 0.0101302 0.119527 0.0115774 0.1118 0.0101302 0.104072 0.0173661 0.08707 0.0173661 0.0808876 0.0202605 0.0685228 0.0144718 0.0499757 0.0130246 0.0484301 0.0115774 0.0407021 0.0101302 0.0360653 0.00578871 0.0314286 0.00289436 0.0252462 0.00434153 0.0237006 0.00578871 0.022155 0.00578871 0.0190638 0.00434153 0.014427 0.00434153 0.0141687 0.00289436 0.015456 0.00289436 0.015456 0.00289436 0.0123648 0.00144718 0.0108192 0 0.00927357 0 0.00618238 0 0.00618238 0 0.00309119 0 0.00309119 0 0.00309119 -0.00144718 0.0015456 -0.00144718 0.0015456 -0.00144718 0.0015456 -0.00144718 0.0015456 -0.00144718 0.0015456 -0.00144718 0.0015456 0 0 0 0 0 0 0 0 0 0 0 0 0 0 0 0 0 0 0 0 0 0 0 0 0 0 0 0 0 0 0 0 0 0 0 0 0 0 0 0 0 0 0 0 0 0 0 0 0 0 0 0 0 0 0 0 0 0 0 0 0 0 0 0 0 0 0 0 0 0 0 0 0 0 0 0 0 0 0 0 0 0 0 0 0 0 0 0 0 0 0 0 
-0.00289436 0.995622 0.0115774 0.902886 0.00868307 0.819424 -0.00434153 0.737507 0.00578871 0.674138 0.00289436 0.618496 -0.00578871 0.559764 -0.00434153 0.51185 0.00289436 0.470119 0.00289436 0.426843 -0.0101302 0.378929 -0.00434153 0.338744 -0.0101302 0.313756 -0.00868307 0.284389 -0.015919 0.258114 -0.0144718 0.228748 -0.00868307 0.200927 -0.00723589 0.187017 -0.00723589 0.165379 0.00578871 0.142195 0.00578871 0.126739 0.00434153 0.11592 0.00868307 0.108192 0.00723589 0.103555 0.00723589 0.0942813 0.00723589 0.0911901 0.00144718 0.0850077 -0.00434153 0.072643 -0.00289436 0.0710974 0 0.064915 0.00289436 0.0587326 0.00434153 0.0510046 0.00578871 0.0463679 0.00723589 0.0386399 0.00578871 0.0370943 0.00144718 0.0324575 0.00144718 0.0324575 0.00144718 0.0293663 0.00144718 0.0262751 -0.00144718 0.0231839 -0.00144718 0.0200927 -0.00144718 0.0170015 -0.00144718 0.0170015 -0.00144718 0.0170015 -0.00289436 0.015456 -0.00144718 0.0139104 -0.00144718 0.0139104 -0.00144718 0.0139104 -0.00144718 0.0139104 -0.00289436 0.0123648 -0.00289436 0.0123648 -0.00289436 0.0123648 -0.00289436 0.0123648 -0.00144718 0.0108192 -0.00144718 0.0108192 0 0.00927357 0 0.00927357 0.00144718 0.00772798 0.00289436 0.00618238 0.00289436 0.00618238 0.00289436 0.00618238 0.00289436 0.00618238 0.00289436 0.00618238 0.00289436 0.00618238 0.00289436 0.00618238 0.00289436 0.00618238 0.00144718 0.00463679 0.00144718 0.00463679 0.00144718 0.00463679 0.00144718 0.00463679 0.00144718 0.00463679 0.00144718 0.00463679 0.00289436 0.00309119 0.00289436 0.00309119 0.00289436 0.00309119 0.00289436 0.00309119 0.00289436 0.00309119 0.00289436 0.00309119 0.00289436 0.00309119 0.00289436 0.00309119 0.00289436 0.00309119 0.00144718 0.0015456 0.00144718 0.0015456 0.00144718 0.0015456 0 0 0 0 0 0 0 0 0 0 0 0 0 0 0 0 0 0 0 0 0 0 0 0 0 0 0 0 0 0 0 0 
0.166425 -0.000726824 0.151954 0.00931298 0.136035 -0.00202285 0.125904 0.00982088 0.109986 -0.00151495 0.10275 0.00208852 0.0926194 0.00826653 0.081042 0.00723321 0.0738061 0.00517096 0.0680174 0.01032 0.0622287 0.0069705 0.0549928 0.00490825 0.0520984 0.00464992 0.0477569 0.002846 0.0419682 -0.00333638 0.0361795 -0.0066859 0.0318379 -0.0028241 0.0303907 0.00129602 0.0274964 -0.00179517 0.024602 -0.0020535 0.024602 -0.0020535 0.0231548 -0.00076623 0.0217077 0.000521036 0.0173661 0.00154997 0.0144718 0.00412451 0.0144718 0.00695737 0.0130246 0.00824463 0.0130246 0.0110775 0.0115774 0.0095319 0.0115774 0.0095319 0.0115774 0.0123648 0.0115774 0.0123648 0.0101302 0.0108192 0.00723589 0.00772798 0.00578871 0.00618238 0.00578871 0.00618238 0.00578871 0.00618238 0.00578871 0.00618238 0.00578871 0.00618238 0.00434153 0.00463679 0.00434153 0.00463679 0.00434153 0.00463679 0.00434153 0.00463679 0.00434153 0.00463679 0.00434153 0.00463679 0.00434153 0.00463679 0.00434153 0.00463679 0.00434153 0.00463679 0.00434153 0.00463679 0.00289436 0.00309119 0.00144718 0.0015456 0 0 0 0 0 0 0 0 0 0 0 0 0 0 0 0 0 0 0 0 0 0 0 0 0 0 0 0 0 0 0 0 0 0 0 0 0 0 0 0 0 0 0 0 0 0 0 0 0 0 0 0 0 0 0 0 0 0 0 0 0 0 0 0 0 0 0 0 0 0 0 0 0 0 0 0 0 0 0 0 0 0 0 0 0 0 0 0 0 0 0 0 0 0 0 0 0 0 
0.166425 0.166412 0.151954 0.150956 0.138929 0.137046 0.130246 0.127772 0.120116 0.116953 0.11288 0.112058 0.101302 0.0996931 0.0868307 0.0842371 0.0795948 0.079342 0.0752533 0.0775381 0.0694645 0.0713557 0.065123 0.0667189 0.0607815 0.0620821 0.0564399 0.0574453 0.0520984 0.0528086 0.0463097 0.0466262 0.0390738 0.0388982 0.0376266 0.0373526 0.0347323 0.0342614 0.0318379 0.0311702 0.0274964 0.0265334 0.024602 0.0234423 0.0217077 0.0203511 0.0173661 0.0185471 0.0144718 0.015456 0.0115774 0.0123648 0.0101302 0.0108192 0.0101302 0.0108192 0.00723589 0.00772798 0.00723589 0.00772798 0.00723589 0.00772798 0.00723589 0.00772798 0.00578871 0.00618238 0.00578871 0.00618238 0.00578871 0.00618238 0.00434153 0.00463679 0.00434153 0.00463679 0.00434153 0.00463679 0.00434153 0.00463679 0.00434153 0.00463679 0.00289436 0.00309119 0.00289436 0.00309119 0.00289436 0.00309119 0.00289436 0.00309119 0.00289436 0.00309119 0.00289436 0.00309119 0.00289436 0.00309119 0.00144718 0.0015456 0.00144718 0.0015456 0.00144718 0.0015456 0.00144718 0.0015456 0.00144718 0.0015456 0.00144718 0.0015456 0.00144718 0.0015456 0.00144718 0.0015456 0.00144718 0.0015456 0.00144718 0.0015456 0.00144718 0.0015456 0.00144718 0.0015456 0.00144718 0.0015456 0.00144718 0.0015456 0.00144718 0.0015456 0.00144718 0.0015456 0.00144718 0.0015456 0 0 0 0 0 0 0 0 0 0 0 0 0 0 0 0 0 0 0 0 0 0 0 0 0 0 0 0 0 0 0 0 0 0 0 0 0 0 0 0 0 0 0 0 0 0 0 0 0 0 0 0 0 0 0 0 0 0 0 0 0 0 0 0 0 0 0 0 0 0 0 0 
0.166425 0.331055 0.141823 0.282108 0.128799 0.283903 0.11288 0.256337 0.107091 0.234182 0.105644 0.215889 0.089725 0.185747 0.0824891 0.173895 0.0723589 0.156635 0.0636758 0.149678 0.0680174 0.138342 0.0578871 0.115158 0.0492041 0.107684 0.0376266 0.0981519 0.0274964 0.0870744 0.0188133 0.0778008 0.0188133 0.0682689 0.0101302 0.0559041 0.0101302 0.0528129 0.0101302 0.0553875 0.0101302 0.0492051 0.00723589 0.0458556 0.00578871 0.0409605 0.00723589 0.0422477 0.00578871 0.0376109 0.00434153 0.0329742 0.00434153 0.0327158 0.00434153 0.0296246 0.00578871 0.028079 0.00578871 0.028079 0.00434153 0.0262751 0.00434153 0.0262751 0.00434153 0.0231839 0.00434153 0.0200927 0.00434153 0.0200927 0.00578871 0.0185471 0.00434153 0.0170015 0.00434153 0.0139104 0.00289436 0.0123648 0.00144718 0.0108192 0.00144718 0.0108192 0 0.00927357 0 0.00927357 0.00144718 0.00772798 0.00289436 0.00618238 0.00144718 0.00463679 0 0.00309119 0 0.00309119 0 0.00309119 0 0.00309119 0 0.00309119 0 0.00309119 -0.00144718 0.0015456 -0.00144718 0.0015456 0 0 0 0 0 0 0 0 0 0 0 0 0 0 0 0 0 0 0 0 0 0 0 0 0 0 0 0 0 0 0 0 0 0 0 0 0 0 0 0 0 0 0 0 0 0 0 0 0 0 0 0 0 0 0 0 0 0 0 0 0 0 0 0 0 0 0 0 0 0 0 0 0 0 0 0 0 0 0 0 0 0 0 0 0 0 0 0 0 0 0 0 
0.163531 0.496714 0.153401 0.434886 0.137482 0.391346 0.124457 0.356822 0.124457 0.321528 0.109986 0.277218 0.0882779 0.247076 0.0767004 0.214356 0.065123 0.204049 0.0564399 0.182153 0.0434153 0.154844 0.0434153 0.123416 0.0347323 0.110276 0.0376266 0.109242 0.040521 0.0994523 0.0347323 0.0865708 0.0289436 0.0734311 0.0274964 0.0620953 0.0303907 0.0638948 0.0289436 0.0530756 0.0303907 0.0484389 0.0274964 0.0360741 0.0260492 0.0425104 0.0274964 0.0437977 0.0217077 0.0376153 0.0202605 0.0389026 0.0202605 0.0358114 0.0217077 0.0249922 0.0188133 0.0247339 0.0144718 0.0200971 0.0115774 0.0170059 0.0115774 0.0139147 0.00868307 0.0136564 0.00723589 0.0121108 0.00723589 0.00901962 0.00289436 0.0072157 -0.00144718 0.00257891 -0.00144718 0.00541177 -0.00289436 0.000774987 -0.00144718 -0.0038618 -0.00144718 -0.00102894 -0.00144718 0.00180392 -0.00144718 0.00180392 -0.00144718 0.00180392 -0.00144718 0.00180392 -0.00144718 0.00180392 -0.00144718 0.00180392 -0.00144718 0.00180392 -0.00144718 0.00180392 -0.00144718 0.00180392 -0.00144718 0.00180392 -0.00144718 0.00180392 -0.00289436 0.000258329 -0.00289436 0.000258329 -0.00289436 0.000258329 -0.00289436 0.000258329 -0.00289436 0.000258329 -0.00289436 0.00309119 -0.00144718 0.0015456 -0.00144718 0.0015456 0 0 0 0 0 0 0 0 0 0 0 0 0 0 0 0 0 0 0 0 0 0 0 0 0 0 0 0 0 0 0 0 0 0 0 0 0 0 0 0 0 0 0 0 0 0 0 0 0 0 0 0 0 0 0 0 0 0 0 0 0 0 0 0 0 0 0 0 0 0 0 0 0 0 0 0 0 0 0 0 
0.163531 0.662587 0.150507 0.603592 0.150507 0.56134 0.153401 0.510331 0.140376 0.476323 0.111433 0.44077 0.0940666 0.387445 0.0853835 0.355758 0.0824891 0.311965 0.0680174 0.274612 0.0680174 0.255549 0.0622287 0.236485 0.0535456 0.223345 0.0492041 0.187538 0.0390738 0.170536 0.0303907 0.158172 0.0260492 0.147094 0.024602 0.136017 0.0274964 0.120044 0.0217077 0.107679 0.0217077 0.0984058 0.0217077 0.0891322 0.0202605 0.0842371 0.0217077 0.0796003 0.0173661 0.0718724 0.015919 0.0610532 0.015919 0.0517796 0.015919 0.0455972 0.015919 0.0455972 0.0144718 0.0409605 0.0130246 0.0363237 0.015919 0.0332325 0.0101302 0.0270501 0.00578871 0.0224133 0.00578871 0.0193221 0.00723589 0.0146853 0.00578871 0.0131397 0.00578871 0.0131397 0.00434153 0.0115942 0.00578871 0.0128814 0.00434153 0.00515344 0.00289436 0.000516658 0.00289436 0.000516658 0.00144718 0.00180392 0.00144718 0.00180392 0 0.000258329 0 0.000258329 0 0.000258329 -0.00144718 -0.00128727 0 -0.00283286 0 -0.00283286 0 -0.00283286 0 -0.00283286 0 -0.00283286 0 -0.00283286 0 -0.00283286 0 -0.00283286 0 -0.00283286 0 -0.00283286 0 -0.00283286 0 -0.00283286 0 -0.00283286 0 -0.00283286 0 -0.00283286 0 -0.00283286 0 -0.00283286 0 -0.00283286 0 -0.00283286 0 0 0 0 0 0 0 0 0 0 0 0 0 0 0 0 0 0 0 0 0 0 0 0 0 0 0 0 0 0 0 0 0 0 0 0 0 0 0 0 0 0 0 0 0 0 0 0 0 0 0 0 0 0 0 0 0 0 0 0 0 0 0 0 
0.166425 0.831294 0.157742 0.75633 0.149059 0.687807 0.124457 0.623405 0.118669 0.567505 0.115774 0.511347 0.107091 0.476569 0.0723589 0.417578 0.0709117 0.387695 0.0564399 0.347251 0.0492041 0.299079 0.0506512 0.269713 0.0506512 0.238801 0.040521 0.218708 0.0376266 0.208918 0.0231548 0.190113 0.0202605 0.180322 0.0130246 0.166412 0.00868307 0.146319 0.00723589 0.129318 0.00723589 0.116953 0.00723589 0.104588 0.00578871 0.0996931 0.00723589 0.0857827 0.0101302 0.0765091 0.0144718 0.0718724 0.0173661 0.0685228 0.0144718 0.0623405 0.015919 0.0577037 0.0231548 0.0499757 0.0231548 0.0468845 0.0202605 0.0376109 0.0202605 0.0345197 0.0173661 0.0283374 0.015919 0.0237006 0.015919 0.0237006 0.0101302 0.0175182 0.0115774 0.0159726 0.0101302 0.014427 0.00868307 0.0128814 0.00868307 0.0128814 0.00868307 0.0128814 0.00868307 0.0128814 0.0101302 0.0113358 0.00578871 0.00669904 0.00578871 0.00360785 0.00578871 0.00360785 0.00578871 0.00360785 0.00578871 0.00360785 0.00434153 0.00206225 0.00434153 0.00206225 0.00434153 0.00206225 0.00434153 0.00206225 0.00434153 0.00206225 0.00289436 0.000516658 0.00289436 0.000516658 0.00144718 -0.00102894 0.00144718 -0.00102894 0.00144718 -0.00102894 0.00144718 -0.00102894 0.00144718 -0.00102894 0.00144718 -0.00102894 0.00144718 -0.00102894 0.00144718 -0.00102894 0 -0.00257453 0 -0.00257453 0 -0.00257453 0 -0.00257453 0 -0.00257453 0 0.000258329 0.00144718 -0.00128727 0.00144718 -0.00128727 0.00144718 -0.00128727 0.00144718 -0.00128727 0 -0.00283286 0 -0.00283286 0 -0.00283286 0 -0.00283286 0 0 0 0 0 0 0 0 0 0 0 0 0 0 0 0 0 0 0 0 0 0 0 0 0 0 0 0 0 0 0 0 0 0 0 0 0 0 0 0 0 0 0 0 
0.164978 0.995622 0.141823 0.905977 0.134588 0.830243 0.108538 0.756054 0.118669 0.683411 0.0926194 0.621588 0.0940666 0.548945 0.0940666 0.496394 0.0940666 0.465482 0.0882779 0.419115 0.0839363 0.380475 0.0680174 0.348017 0.0593343 0.319938 0.0520984 0.287481 0.040521 0.25966 0.0376266 0.244204 0.0332851 0.22102 0.0231548 0.194745 0.0274964 0.177743 0.0188133 0.159196 0.0202605 0.145286 0.0188133 0.137558 0.0130246 0.119011 0.00868307 0.108192 0.00868307 0.0989181 0.00868307 0.0958269 0.0101302 0.0850077 0.00434153 0.0788253 0.00289436 0.0680062 0.00289436 0.064915 0.00578871 0.0556414 0.00434153 0.0540958 0.00723589 0.0510046 0.00578871 0.049459 0.00434153 0.0479134 0.00723589 0.0448223 0.00578871 0.0401855 0.00723589 0.0386399 0.00144718 0.0293663 0.00289436 0.0278207 0.00144718 0.0262751 -0.00289436 0.0216383 -0.00434153 0.0170015 -0.00144718 0.0139104 -0.00144718 0.0139104 0 0.0123648 -0.00144718 0.0108192 -0.00144718 0.0108192 -0.00144718 0.0108192 0 0.00927357 -0.00144718 0.00772798 0 0.00618238 0 0.00618238 0 0.00618238 0 0.00618238 -0.00144718 0.00463679 -0.00289436 0.00309119 -0.00289436 0.00309119 -0.00289436 0.00309119 -0.00289436 0.00309119 -0.00144718 0.0015456 -0.00144718 0.0015456 -0.00144718 0.0015456 -0.00144718 0.0015456 0 0 0 0 0 0 0 0 0 0 0 0 0 0 0 0 0 0 0 0 0 0 0 0 0 0 0 0 0 0 0 0 0 0 0 0 0 0 0 0 0 0 0 0 0 0 0 0 0 0 0 0 0 0 0 0 0 0 0 0 0 0 0 0 0 0 0 0 0 0 0 0 
0.332851 -0.00145365 0.290883 -0.0179473 0.266281 -0.0158938 0.238784 -0.0282629 0.211288 -0.0264678 0.185239 -0.0316256 0.178003 -0.0195235 0.154848 -0.0300888 0.137482 -0.0288059 0.128799 -0.00975082 0.118669 0.0020929 0.107091 0.00672531 0.0984081 0.011616 0.0868307 0.0134156 0.0795948 0.0170191 0.0752533 0.018048 0.0665702 0.017273 0.0593343 0.00954503 0.0535456 0.00619552 0.0477569 0.00567886 0.0448625 0.0139191 0.0448625 0.0224177 0.0419682 0.0221594 0.0361795 0.015977 0.0318379 0.0141731 0.0289436 0.0110819 0.0231548 0.00773235 0.0202605 0.00464116 0.0188133 0.00592843 0.0173661 0.00438283 0.015919 0.00283724 0.015919 0.00283724 0.0130246 -0.00025395 0.0130246 0.00257891 0.0101302 -0.000512279 0.00723589 -0.00360347 0.00578871 -0.00514906 0.00578871 -0.00514906 0.00578871 -0.00514906 0.00578871 -0.00514906 0.00578871 -0.0023162 0.00434153 -0.0038618 0.00434153 -0.00102894 0.00434153 0.00180392 0.00434153 0.00180392 0.00434153 0.00180392 0.00434153 0.00180392 0.00434153 0.00180392 0.00144718 -0.00128727 0.00144718 -0.00128727 0.00144718 -0.00128727 0.00144718 0.0015456 0.00144718 0.0015456 0 0 0 0 0 0 0 0 0 0 0 0 0 0 0 0 0 0 0 0 0 0 0 0 0 0 0 0 0 0 0 0 0 0 0 0 0 0 0 0 0 0 0 0 0 0 0 0 0 0 0 0 0 0 0 0 0 0 0 0 0 0 0 0 0 0 0 0 0 0 0 0 0 0 0 0 0 0 0 0 0 0 0 0 0 0 0 0 0 0 0 0 0 0 
0.332851 0.165685 0.293777 0.135286 0.260492 0.111068 0.237337 0.103336 0.212735 0.0883923 0.198263 0.0927664 0.17945 0.0953365 0.163531 0.0896664 0.146165 0.0739521 0.131693 0.0641619 0.118669 0.0559173 0.10275 0.0389157 0.0955137 0.0340206 0.0882779 0.0319584 0.0824891 0.025776 0.0738061 0.0193353 0.0709117 0.0162441 0.065123 0.0185603 0.0607815 0.0224221 0.0520984 0.0131485 0.0520984 0.0188142 0.0477569 0.0198432 0.0361795 0.0103113 0.0347323 0.0172643 0.0318379 0.0170059 0.0289436 0.0139147 0.024602 0.00927795 0.0202605 0.00747402 0.0188133 0.00876129 0.0188133 0.00876129 0.0173661 0.0072157 0.0173661 0.0072157 0.0173661 0.0100486 0.0173661 0.0100486 0.0101302 0.00232058 0.00578871 -0.0023162 0.00434153 -0.00102894 0.00144718 0.0015456 0.00144718 0.0015456 0.00144718 0.0015456 0.00144718 0.0015456 0.00144718 0.0015456 0.00144718 0.0015456 0.00144718 0.0015456 0.00144718 0.0015456 0.00144718 0.0015456 0.00144718 0.0015456 0.00144718 0.0015456 0.00144718 0.0015456 0.00144718 0.0015456 0.00144718 0.0015456 0.00144718 0.0015456 0.00144718 0.0015456 0.00144718 0.0015456 0.00144718 0.0015456 0.00144718 0.0015456 0.00144718 0.0015456 0.00144718 0.0015456 0.00144718 0.0015456 0.00144718 0.0015456 0.00144718 0.0015456 0.00144718 0.0015456 0.00144718 0.0015456 0 0 0 0 0 0 0 0 0 0 0 0 0 0 0 0 0 0 0 0 0 0 0 0 0 0 0 0 0 0 0 0 0 0 0 0 0 0 0 0 0 0 0 0 0 0 0 0 0 0 0 0 0 0 0 0 0 0 0 0 0 0 0 0 0 0 0 0 0 0 0 0 0 0 
0.332851 0.332824 0.305355 0.306291 0.274964 0.273833 0.244573 0.241376 0.230101 0.22592 0.209841 0.207114 0.188133 0.186763 0.170767 0.176714 0.154848 0.165379 0.140376 0.149923 0.130246 0.139104 0.117221 0.125193 0.0969609 0.103555 0.0911722 0.0973725 0.0824891 0.0880989 0.0738061 0.0788253 0.0680174 0.072643 0.0622287 0.0664606 0.0578871 0.0618238 0.0506512 0.0540958 0.0434153 0.0463679 0.0419682 0.0448223 0.040521 0.0432767 0.0361795 0.0386399 0.0318379 0.0340031 0.0289436 0.0309119 0.0260492 0.0278207 0.024602 0.0262751 0.0217077 0.0231839 0.0188133 0.0200927 0.0173661 0.0185471 0.015919 0.0170015 0.015919 0.0170015 0.0144718 0.015456 0.0144718 0.015456 0.0130246 0.0139104 0.00868307 0.00927357 0.00868307 0.00927357 0.00723589 0.00772798 0.00723589 0.00772798 0.00723589 0.00772798 0.00578871 0.00618238 0.00434153 0.00463679 0.00434153 0.00463679 0.00434153 0.00463679 0.00434153 0.00463679 0.00289436 0.00309119 0.00289436 0.00309119 0.00289436 0.00309119 0.00289436 0.00309119 0.00289436 0.00309119 0.00144718 0.0015456 0.00144718 0.0015456 0.00144718 0.0015456 0.00144718 0.0015456 0.00144718 0.0015456 0.00144718 0.0015456 0.00144718 0.0015456 0.00144718 0.0015456 0 0 0 0 0 0 0 0 0 0 0 0 0 0 0 0 0 0 0 0 0 0 0 0 0 0 0 0 0 0 0 0 0 0 0 0 0 0 0 0 0 0 0 0 0 0 0 0 0 0 0 0 0 0 0 0 0 0 0 0 0 0 0 0 0 0 0 0 0 0 0 0 0 0 0 0 0 0 0 0 0 0 
0.334298 0.496946 0.298119 0.453665 0.260492 0.417854 0.222865 0.36762 0.202605 0.339024 0.176556 0.307595 0.163531 0.274879 0.143271 0.258649 0.127352 0.243963 0.104197 0.212018 0.0969609 0.197849 0.089725 0.189605 0.0781476 0.164875 0.0767004 0.159463 0.0738061 0.158947 0.065123 0.1404 0.0680174 0.124685 0.0549928 0.101243 0.0492041 0.0919695 0.0434153 0.0796047 0.0434153 0.073164 0.0390738 0.0741929 0.0318379 0.0633738 0.0260492 0.0628571 0.0289436 0.0597659 0.024602 0.052038 0.015919 0.0455972 0.0144718 0.0440516 0.0101302 0.0332325 0.00434153 0.029883 0.00578871 0.0252462 0.00144718 0.0234423 -0.00289436 0.0188055 -0.00289436 0.0188055 -0.00144718 0.0172599 -0.00144718 0.0172599 -0.00144718 0.0172599 -0.00144718 0.0172599 -0.00144718 0.0172599 -0.00434153 0.0141687 -0.00434153 0.0170015 -0.00578871 0.0123648 -0.00434153 0.0108192 -0.00578871 0.00927357 -0.00434153 0.00772798 -0.00434153 0.00772798 -0.00434153 0.00772798 -0.00144718 0.00463679 -0.00144718 0.00463679 -0.00144718 0.00463679 0 0.00309119 0 0.00309119 -0.00144718 0.0015456 -0.00144718 0.0015456 -0.00144718 0.0015456 -0.00144718 0.0015456 -0.00144718 0.0015456 -0.00144718 0.0015456 -0.00144718 0.0015456 -0.00144718 0.0015456 0 0 0 0 0 0 0 0 0 0 0 0 0 0 0 0 0 0 0 0 0 0 0 0 0 0 0 0 0 0 0 0 0 0 0 0 0 0 0 0 0 0 0 0 0 0 0 0 0 0 0 0 0 0 0 0 0 0 0 0 0 0 0 0 0 0 0 0 0 0 0 0 0 0 0 0 0 0 0 0 
0.334298 0.662587 0.303907 0.59741 0.279305 0.550521 0.259045 0.513676 0.230101 0.454427 0.208394 0.424027 0.18958 0.390795 0.173661 0.366577 0.147612 0.331799 0.130246 0.306812 0.118669 0.2759 0.11288 0.244988 0.0984081 0.210985 0.0911722 0.196816 0.0839363 0.173374 0.0752533 0.160492 0.0680174 0.149156 0.0680174 0.124427 0.0636758 0.110517 0.0578871 0.0978935 0.0535456 0.0870744 0.0477569 0.065436 0.0434153 0.0636321 0.0390738 0.0559041 0.0332851 0.0497217 0.0318379 0.0389026 0.0303907 0.0342658 0.0274964 0.0280834 0.0202605 0.0203554 0.0173661 0.0200971 0.0173661 0.0200971 0.0130246 0.0182932 0.0130246 0.015202 0.015919 0.0177765 0.0115774 0.0131397 0.00868307 0.0128814 0.00868307 0.00979023 0.0115774 0.00669904 0.0101302 0.00515344 0.0101302 0.0079863 0.0101302 0.0079863 0.0101302 0.0079863 0.00868307 0.00644071 0.00868307 0.00644071 0.00723589 0.00489511 0.00578871 0.00334952 0.00578871 0.00334952 0.00578871 0.00334952 0.00434153 0.00180392 0.00434153 0.00180392 0.00434153 0.00180392 0.00434153 0.00180392 0.00289436 0.000258329 0.00289436 0.000258329 0.00289436 0.000258329 0.00144718 0.0015456 0.00144718 0.0015456 0.00144718 0.0015456 0.00144718 0.0015456 0.00144718 0.0015456 0.00144718 0.0015456 0.00144718 0.0015456 0 0 0 0 0 0 0 0 0 0 0 0 0 0 0 0 0 0 0 0 0 0 0 0 0 0 0 0 0 0 0 0 0 0 0 0 0 0 0 0 0 0 0 0 0 0 0 0 0 0 0 0 0 0 0 0 0 0 0 0 0 0 0 0 0 0 0 0 0 0 0 0 0 0 0 0 
0.329957 0.829748 0.315485 0.764058 0.315485 0.713307 0.289436 0.645043 0.260492 0.582961 0.230101 0.506968 0.217077 0.452614 0.191027 0.40573 0.173661 0.37121 0.140376 0.323296 0.124457 0.296763 0.120116 0.279503 0.109986 0.252711 0.0824891 0.207889 0.0853835 0.192433 0.081042 0.175173 0.0593343 0.139625 0.0520984 0.119532 0.0419682 0.0963479 0.0347323 0.0940273 0.0289436 0.0816626 0.0274964 0.0770258 0.0260492 0.0721307 0.0173661 0.06569 0.015919 0.057962 0.0130246 0.0548708 0.0130246 0.0455972 0.0130246 0.0394149 0.0115774 0.0378693 0.0115774 0.0347781 0.0101302 0.0332325 0.00868307 0.0314286 0.00723589 0.029883 0.00578871 0.0283374 0.00578871 0.0252462 0 0.0190638 0.00144718 0.0172599 0.00144718 0.0141687 0 0.0126231 -0.00144718 0.0110775 -0.00144718 0.0110775 0 0.0095319 0 0.0095319 -0.00144718 0.0108192 -0.00144718 0.0108192 -0.00578871 0.00618238 -0.00578871 0.00618238 -0.00578871 0.00618238 -0.00578871 0.00618238 -0.00578871 0.00618238 -0.00578871 0.00618238 -0.00578871 0.00618238 -0.00434153 0.00463679 -0.00434153 0.00463679 -0.00289436 0.00309119 -0.00144718 0.0015456 0 0 0 0 0 0 0 0 0 0 0 0 0 0 0 0 0 0 0 0 0 0 0 0 0 0 0 0 0 0 0 0 0 0 0 0 0 0 0 0 0 0 0 0 0 0 0 0 0 0 0 0 0 0 0 0 0 0 0 0 0 0 0 0 0 0 0 0 0 0 0 0 0 0 0 0 0 0 0 0 0 0 0 0 0 0 0 0 
0.331404 0.997167 0.308249 0.913705 0.277858 0.837971 0.256151 0.758887 0.230101 0.68779 0.201158 0.632148 0.188133 0.587326 0.180897 0.539413 0.157742 0.489954 0.138929 0.438949 0.121563 0.395672 0.104197 0.355487 0.0882779 0.326121 0.0767004 0.295209 0.0868307 0.272025 0.0709117 0.248841 0.0694645 0.228748 0.0680174 0.199382 0.0607815 0.173107 0.0520984 0.157651 0.0477569 0.149923 0.0419682 0.137558 0.0376266 0.126739 0.0318379 0.114374 0.0274964 0.103555 0.0303907 0.0942813 0.0332851 0.0880989 0.0318379 0.0865533 0.0217077 0.0757342 0.0173661 0.0680062 0.0130246 0.0633694 0.00578871 0.0463679 0.00578871 0.0463679 0.00868307 0.0432767 0.00723589 0.0386399 0.00868307 0.0340031 0.00723589 0.0324575 0.00723589 0.0293663 0.00723589 0.0293663 0.00868307 0.0278207 0.00578871 0.0216383 0.00144718 0.0139104 0 0.0123648 0 0.0123648 0 0.0123648 0 0.0123648 0 0.0123648 0 0.0123648 0.00144718 0.0108192 0.00144718 0.0108192 0.00144718 0.0108192 0.00144718 0.0108192 -0.00144718 0.00463679 -0.00144718 0.00463679 -0.00144718 0.00463679 -0.00144718 0.0015456 -0.00144718 0.0015456 -0.00144718 0.0015456 -0.00144718 0.0015456 -0.00144718 0.0015456 -0.00144718 0.0015456 -0.00144718 0.0015456 -0.00144718 0.0015456 -0.00144718 0.0015456 -0.00144718 0.0015456 -0.00144718 0.0015456 -0.00144718 0.0015456 -0.00144718 0.0015456 -0.00144718 0.0015456 -0.00144718 0.0015456 -0.00144718 0.0015456 -0.00144718 0.0015456 -0.00144718 0.0015456 -0.00144718 0.0015456 -0.00144718 0.0015456 0 0 0 0 0 0 0 0 0 0 0 0 0 0 0 0 0 0 0 0 0 0 0 0 0 0 0 0 0 0 0 0 0 0 0 0 0 0 0 0 0 0 0 0 0 0 0 0 0 0 
0.499276 -0.00218047 0.516643 0.0673582 0.535456 0.11578 0.539797 0.157243 0.551375 0.2206 0.562952 0.269792 0.571635 0.31306 0.578871 0.346283 0.591896 0.394188 0.603473 0.426383 0.612156 0.446988 0.619392 0.477379 0.619392 0.494376 0.6411 0.528891 0.657019 0.557224 0.658466 0.575767 0.662808 0.597401 0.665702 0.603325 0.671491 0.620839 0.678726 0.6314 0.690304 0.64943 0.691751 0.656641 0.703329 0.677505 0.712012 0.689611 0.7178 0.692961 0.725036 0.706354 0.730825 0.71537 0.738061 0.725931 0.742402 0.736233 0.749638 0.746794 0.758321 0.750402 0.767004 0.762508 0.771346 0.772811 0.780029 0.784917 0.788712 0.794191 0.797395 0.803464 0.804631 0.814025 0.811867 0.827419 0.814761 0.833343 0.819103 0.83798 0.829233 0.854464 0.835022 0.860647 0.839363 0.865284 0.845152 0.874299 0.848046 0.87739 0.856729 0.889497 0.858177 0.891042 0.865412 0.901603 0.865412 0.901603 0.874096 0.910877 0.878437 0.915513 0.881331 0.918604 0.882779 0.92015 0.895803 0.936893 0.89725 0.941272 0.898698 0.942817 0.907381 0.952091 0.910275 0.958015 0.914616 0.962652 0.916064 0.964197 0.916064 0.964197 0.917511 0.965743 0.918958 0.972954 0.921852 0.976045 0.926194 0.980682 0.927641 0.985061 0.927641 0.985061 0.929088 0.986606 0.929088 0.986606 0.930535 0.988152 0.930535 0.988152 0.93343 0.991243 0.93343 0.994076 0.934877 0.995622 0.936324 0.997167 0.936324 0.997167 0.936324 0.997167 0.936324 0.997167 0.936324 0.997167 0.936324 0.997167 0.936324 0.997167 0.936324 0.997167 0.936324 0.997167 0.936324 1 0.936324 1 0.936324 1 0.936324 1 0.936324 1 0.936324 1 0.936324 1 0.936324 1 0.936324 1 0.936324 1 0.936324 1 0.936324 1 0.936324 1 0.936324 1 0.936324 1 0.936324 1 0.936324 1 
0.500724 0.166504 0.525326 0.223941 0.547033 0.266954 0.560058 0.312026 0.577424 0.367401 0.583213 0.387747 0.599132 0.441576 0.615051 0.484073 0.638205 0.5258 0.65123 0.556708 0.670043 0.579633 0.683068 0.599209 0.69754 0.617498 0.70767 0.63115 0.725036 0.65253 0.742402 0.676743 0.752533 0.693228 0.765557 0.71847 0.775687 0.74062 0.787265 0.761484 0.797395 0.775136 0.813314 0.797803 0.819103 0.81815 0.833575 0.836438 0.843705 0.847258 0.852388 0.856531 0.858177 0.871212 0.865412 0.881773 0.871201 0.890788 0.875543 0.903924 0.882779 0.911652 0.88712 0.916288 0.890014 0.919379 0.895803 0.925562 0.900145 0.933032 0.904486 0.943334 0.905933 0.94488 0.908828 0.947971 0.913169 0.95544 0.916064 0.961365 0.918958 0.964456 0.921852 0.967547 0.9233 0.971925 0.926194 0.977849 0.926194 0.983515 0.927641 0.985061 0.929088 0.986606 0.930535 0.988152 0.930535 0.990985 0.931983 0.99253 0.931983 0.99253 0.931983 0.995363 0.931983 0.995363 0.931983 0.995363 0.931983 0.995363 0.931983 0.995363 0.931983 0.995363 0.931983 0.995363 0.931983 0.995363 0.93343 0.996909 0.93343 0.996909 0.93343 0.996909 0.934877 0.998454 0.934877 0.998454 0.934877 0.998454 0.934877 0.998454 0.934877 0.998454 0.934877 0.998454 0.934877 0.998454 0.934877 0.998454 0.934877 0.998454 0.934877 0.998454 0.934877 0.998454 0.934877 0.998454 0.934877 0.998454 0.934877 0.998454 0.934877 0.998454 0.934877 0.998454 0.934877 0.998454 0.934877 0.998454 0.934877 0.998454 0.934877 0.998454 0.936324 1 0.936324 1 0.936324 1 0.936324 1 0.936324 1 0.936324 1 0.936324 1 0.936324 1 0.936324 1 0.936324 1 0.936324 1 0.936324 1 0.936324 1 0.936324 1 0.936324 1 0.936324 1 0.936324 1 0.936324 1 
0.499276 0.332097 0.515195 0.366096 0.532562 0.404473 0.549928 0.434352 0.557164 0.459077 0.57453 0.48329 0.589001 0.504411 0.607815 0.533003 0.617945 0.549488 0.635311 0.576533 0.646889 0.603062 0.66136 0.621351 0.671491 0.646335 0.678726 0.656895 0.691751 0.679304 0.700434 0.691411 0.713459 0.708154 0.727931 0.732109 0.736614 0.744215 0.749638 0.760958 0.759768 0.771777 0.759768 0.77461 0.76411 0.779247 0.77424 0.787233 0.780029 0.796249 0.787265 0.806809 0.794501 0.81737 0.803184 0.829477 0.813314 0.843129 0.82055 0.856522 0.832127 0.868887 0.846599 0.887176 0.855282 0.89645 0.861071 0.902632 0.874096 0.916542 0.878437 0.929678 0.881331 0.932769 0.88712 0.938951 0.890014 0.942042 0.894356 0.946679 0.898698 0.951316 0.904486 0.957498 0.907381 0.96059 0.913169 0.966772 0.916064 0.972696 0.916064 0.972696 0.918958 0.97862 0.921852 0.984544 0.9233 0.98609 0.924747 0.987635 0.926194 0.989181 0.926194 0.989181 0.927641 0.990726 0.927641 0.990726 0.929088 0.992272 0.930535 0.993818 0.931983 0.995363 0.931983 0.995363 0.931983 0.995363 0.931983 0.995363 0.931983 0.995363 0.931983 0.995363 0.931983 0.995363 0.931983 0.995363 0.931983 0.995363 0.931983 0.995363 0.931983 0.995363 0.931983 0.995363 0.931983 0.995363 0.931983 0.995363 0.931983 0.995363 0.931983 0.995363 0.931983 0.995363 0.931983 0.995363 0.93343 0.996909 0.934877 0.998454 0.934877 0.998454 0.934877 0.998454 0.934877 0.998454 0.934877 0.998454 0.934877 0.998454 0.934877 0.998454 0.934877 0.998454 0.934877 0.998454 0.934877 0.998454 0.934877 0.998454 0.934877 0.998454 0.934877 0.998454 0.934877 0.998454 0.934877 0.998454 0.934877 0.998454 0.934877 0.998454 0.934877 0.998454 0.934877 0.998454 0.936324 1 0.936324 1 0.936324 1 0.936324 1 0.936324 1 0.936324 1 
0.499276 0.499236 0.515195 0.521903 0.535456 0.546374 0.552822 0.57342 0.570188 0.591967 0.581766 0.607165 0.590449 0.616438 0.612156 0.645288 0.617945 0.651471 0.629522 0.663835 0.646889 0.685215 0.655572 0.694489 0.675832 0.716127 0.683068 0.726688 0.691751 0.735962 0.696093 0.740598 0.698987 0.740857 0.709117 0.754509 0.719247 0.765328 0.730825 0.777693 0.736614 0.783875 0.746744 0.794694 0.756874 0.805513 0.767004 0.816333 0.775687 0.825606 0.787265 0.837971 0.798842 0.850336 0.807525 0.859609 0.817656 0.870428 0.829233 0.882793 0.836469 0.890521 0.846599 0.90134 0.856729 0.912159 0.863965 0.919887 0.868307 0.924524 0.87699 0.933798 0.885673 0.943071 0.895803 0.95389 0.901592 0.960073 0.903039 0.961618 0.911722 0.970892 0.911722 0.970892 0.913169 0.972438 0.914616 0.973983 0.916064 0.975529 0.916064 0.975529 0.920405 0.980166 0.9233 0.983257 0.924747 0.984802 0.924747 0.984802 0.924747 0.984802 0.924747 0.984802 0.924747 0.987635 0.924747 0.987635 0.924747 0.987635 0.924747 0.987635 0.924747 0.987635 0.924747 0.987635 0.926194 0.989181 0.926194 0.989181 0.926194 0.989181 0.926194 0.989181 0.929088 0.992272 0.929088 0.992272 0.930535 0.993818 0.930535 0.993818 0.930535 0.993818 0.930535 0.993818 0.931983 0.995363 0.931983 0.995363 0.931983 0.995363 0.93343 0.996909 0.93343 0.996909 0.93343 0.996909 0.93343 0.996909 0.93343 0.996909 0.93343 0.996909 0.934877 0.998454 0.934877 0.998454 0.934877 0.998454 0.934877 0.998454 0.934877 0.998454 0.934877 0.998454 0.936324 1 0.936324 1 0.936324 1 0.936324 1 0.936324 1 0.936324 1 0.936324 1 0.936324 1 0.936324 1 0.936324 1 0.936324 1 0.936324 1 0.936324 1 0.936324 1 0.936324 1 0.936324 1 0.936324 1 
0.502171 0.665928 0.509407 0.654076 0.512301 0.653042 0.531114 0.662828 0.551375 0.67416 0.567294 0.684462 0.567294 0.689095 0.591896 0.693215 0.60492 0.700426 0.607815 0.703259 0.617945 0.698622 0.632417 0.707379 0.652677 0.710729 0.678726 0.723093 0.68741 0.732367 0.701881 0.744473 0.713459 0.747823 0.725036 0.765337 0.733719 0.768686 0.745297 0.780793 0.751085 0.786975 0.75398 0.787233 0.771346 0.802431 0.780029 0.811704 0.787265 0.819432 0.795948 0.831539 0.797395 0.835917 0.807525 0.846737 0.819103 0.861676 0.823444 0.866313 0.829233 0.872495 0.833575 0.879965 0.842258 0.889238 0.850941 0.898512 0.856729 0.904694 0.861071 0.909331 0.865412 0.919633 0.878437 0.930453 0.884226 0.933544 0.892909 0.942817 0.894356 0.947196 0.898698 0.954407 0.904486 0.963422 0.904486 0.966255 0.905933 0.967801 0.908828 0.970892 0.913169 0.975529 0.914616 0.977074 0.917511 0.980166 0.918958 0.981711 0.920405 0.983257 0.920405 0.983257 0.921852 0.984802 0.9233 0.986348 0.924747 0.987894 0.924747 0.987894 0.926194 0.989439 0.926194 0.989439 0.927641 0.990985 0.927641 0.990985 0.930535 0.996909 0.931983 0.998454 0.931983 0.998454 0.931983 0.998454 0.931983 0.998454 0.931983 0.998454 0.931983 0.998454 0.93343 1 0.93343 1 0.93343 1 0.93343 1 0.93343 1 0.93343 1 0.936324 1 0.936324 1 0.936324 1 0.936324 1 0.936324 1 0.936324 1 0.936324 1 0.936324 1 0.936324 1 0.936324 1 0.936324 1 0.936324 1 0.936324 1 0.936324 1 0.936324 1 0.936324 1 0.936324 1 0.936324 1 0.936324 1 0.936324 1 0.936324 1 0.936324 1 0.936324 1 0.936324 1 0.936324 1 0.936324 1 0.936324 1 
0.499276 0.831294 0.484805 0.799865 0.487699 0.765604 0.493488 0.755555 0.507959 0.742415 0.519537 0.735458 0.51809 0.71794 0.513748 0.703771 0.519537 0.684966 0.522431 0.678783 0.522431 0.675175 0.525326 0.665902 0.52822 0.665127 0.534009 0.646838 0.531114 0.631899 0.520984 0.60949 0.52822 0.60202 0.532562 0.588627 0.534009 0.581157 0.529667 0.568022 0.531114 0.557461 0.532562 0.541234 0.536903 0.528099 0.52822 0.515734 0.522431 0.49822 0.525326 0.480965 0.522431 0.449545 0.532562 0.442592 0.532562 0.43126 0.535456 0.425853 0.535456 0.420187 0.535456 0.408856 0.531114 0.387222 0.529667 0.380011 0.52822 0.372799 0.525326 0.360951 0.525326 0.352453 0.52822 0.343954 0.52822 0.335455 0.52822 0.329531 0.526773 0.325153 0.525326 0.317942 0.525326 0.30661 0.525326 0.292446 0.525326 0.283947 0.523878 0.279827 0.522431 0.272874 0.523878 0.259997 0.525326 0.253044 0.525326 0.253044 0.526773 0.243258 0.525326 0.233214 0.526773 0.226003 0.525326 0.21905 0.523878 0.211838 0.523878 0.200507 0.523878 0.197674 0.522431 0.190463 0.520984 0.183252 0.522431 0.181964 0.522431 0.173466 0.523878 0.172178 0.522431 0.170633 0.519537 0.1678 0.519537 0.159301 0.51809 0.157756 0.516643 0.153377 0.516643 0.150544 0.516643 0.150803 0.516643 0.150803 0.51809 0.149516 0.519537 0.148228 0.519537 0.142563 0.520984 0.138442 0.520984 0.129944 0.520984 0.129944 0.522431 0.125824 0.522431 0.117325 0.522431 0.117325 0.522431 0.117325 0.522431 0.117325 0.522431 0.114492 0.522431 0.114492 0.522431 0.111659 0.522431 0.111659 0.522431 0.111659 0.520984 0.110114 0.520984 0.110114 0.520984 0.104448 0.520984 0.104448 0.520984 0.0987824 0.520984 0.101615 0.522431 0.0974951 0.520984 0.0959495 0.519537 0.0944039 0.519537 0.0944039 0.519537 0.0972368 0.519537 0.0972368 0.519537 0.0944039 0.51809 0.0931166 
0.499276 0.997167 0.512301 0.96471 0.500724 0.918342 0.516643 0.879702 0.52822 0.861155 0.513748 0.820969 0.506512 0.803968 0.516643 0.769194 0.536903 0.751164 0.534009 0.738799 0.54848 0.723601 0.555716 0.713557 0.558611 0.707633 0.560058 0.691406 0.564399 0.681362 0.558611 0.660499 0.558611 0.642727 0.565847 0.629591 0.577424 0.623667 0.586107 0.608986 0.58466 0.595334 0.586107 0.579366 0.58466 0.563398 0.580318 0.538931 0.581766 0.522963 0.590449 0.517555 0.589001 0.507511 0.590449 0.503391 0.587554 0.494634 0.590449 0.483303 0.590449 0.48047 0.591896 0.467335 0.596237 0.46888 0.602026 0.466047 0.606368 0.461927 0.613603 0.458324 0.617945 0.457036 0.615051 0.451112 0.620839 0.454462 0.620839 0.448538 0.620839 0.445705 0.620839 0.442872 0.620839 0.431541 0.620839 0.428708 0.622287 0.430253 0.622287 0.430253 0.623734 0.420468 0.622287 0.413256 0.622287 0.413256 0.625181 0.407849 0.623734 0.400638 0.623734 0.400638 0.626628 0.403729 0.626628 0.40682 0.623734 0.400896 0.623734 0.400896 0.633864 0.4027 0.633864 0.402958 0.633864 0.402958 0.63097 0.4027 0.629522 0.401154 0.628075 0.399609 0.626628 0.400896 0.626628 0.400896 0.63097 0.405533 0.63097 0.405533 0.632417 0.407078 0.635311 0.407337 0.636758 0.403216 0.638205 0.401929 0.638205 0.401929 0.638205 0.404762 0.638205 0.404762 0.639653 0.406308 0.638205 0.404762 0.638205 0.399096 0.639653 0.394976 0.639653 0.394976 0.6411 0.390856 0.639653 0.386478 0.639653 0.386478 0.6411 0.388023 0.642547 0.383903 0.643994 0.388281 0.643994 0.388281 0.642547 0.383903 0.643994 0.385449 0.643994 0.385449 0.643994 0.385449 0.642547 0.38107 0.642547 0.38107 0.642547 0.38107 0.642547 0.38107 0.642547 0.38107 0.645441 0.384161 0.646889 0.385707 0.646889 0.385707 0.646889 0.382874 0.646889 0.382874 0.645441 0.38442 
0.667149 0.00147116 0.69754 0.087753 0.727931 0.182533 0.739508 0.24589 0.751085 0.32341 0.77424 0.3878 0.788712 0.454247 0.801737 0.504985 0.81042 0.539754 0.826339 0.587917 0.836469 0.624232 0.839363 0.655652 0.849493 0.686301 0.862518 0.711543 0.871201 0.732148 0.875543 0.753782 0.87699 0.786489 0.885673 0.801428 0.892909 0.826153 0.89725 0.844954 0.905933 0.857061 0.907381 0.867105 0.913169 0.890285 0.913169 0.898783 0.917511 0.906253 0.920405 0.917843 0.920405 0.923508 0.921852 0.93072 0.9233 0.937931 0.924747 0.956474 0.926194 0.969351 0.927641 0.976562 0.929088 0.978108 0.929088 0.978108 0.930535 0.982486 0.930535 0.982486 0.930535 0.982486 0.931983 0.984032 0.931983 0.986865 0.931983 0.986865 0.931983 0.989697 0.931983 0.989697 0.931983 0.989697 0.93343 0.991243 0.934877 0.992789 0.934877 0.992789 0.934877 0.992789 0.934877 0.992789 0.936324 0.994334 0.936324 0.994334 0.936324 0.994334 0.936324 0.994334 0.936324 0.997167 0.936324 1 0.936324 1 0.936324 1 0.936324 1 0.936324 1 0.936324 1 0.936324 1 0.936324 1 0.936324 1 0.936324 1 0.936324 1 0.936324 1 0.936324 1 0.936324 1 0.936324 1 0.936324 1 0.936324 1 0.936324 1 0.936324 1 0.936324 1 0.936324 1 0.936324 1 0.936324 1 0.936324 1 0.936324 1 0.936324 1 0.936324 1 0.936324 1 0.936324 1 0.936324 1 0.936324 1 0.936324 1 0.936324 1 0.936324 1 0.936324 1 0.936324 1 0.936324 1 0.936324 1 0.936324 1 0.936324 1 0.936324 1 0.936324 1 0.936324 1 0.936324 1 0.936324 1 0.936324 1 0.936324 1 
0.665702 0.164232 0.683068 0.236603 0.7178 0.321856 0.739508 0.3847 0.75398 0.451147 0.772793 0.519399 0.798842 0.569882 0.807525 0.610317 0.814761 0.649207 0.827786 0.688613 0.837916 0.710764 0.846599 0.739867 0.852388 0.763047 0.856729 0.787514 0.868307 0.81121 0.875543 0.824603 0.882779 0.843663 0.884226 0.853707 0.890014 0.859889 0.892909 0.868646 0.89725 0.887447 0.898698 0.894659 0.903039 0.904961 0.908828 0.913976 0.911722 0.922733 0.911722 0.928399 0.913169 0.941276 0.913169 0.946942 0.916064 0.952866 0.920405 0.960336 0.921852 0.961881 0.924747 0.964972 0.926194 0.969351 0.927641 0.970896 0.927641 0.970896 0.930535 0.973988 0.930535 0.973988 0.931983 0.975533 0.93343 0.977079 0.93343 0.979912 0.93343 0.979912 0.934877 0.98429 0.934877 0.98429 0.934877 0.98429 0.934877 0.987123 0.934877 0.989956 0.934877 0.989956 0.934877 0.992789 0.934877 0.992789 0.934877 0.992789 0.934877 0.992789 0.934877 0.992789 0.934877 0.995622 0.934877 0.995622 0.934877 0.995622 0.934877 0.995622 0.934877 0.995622 0.934877 0.995622 0.934877 0.995622 0.936324 1 0.936324 1 0.936324 1 0.936324 1 0.936324 1 0.936324 1 0.936324 1 0.936324 1 0.936324 1 0.936324 1 0.936324 1 0.936324 1 0.936324 1 0.936324 1 0.936324 1 0.936324 1 0.936324 1 0.936324 1 0.936324 1 0.936324 1 0.936324 1 0.936324 1 0.936324 1 0.936324 1 0.936324 1 0.936324 1 0.936324 1 0.936324 1 0.936324 1 0.936324 1 0.936324 1 0.936324 1 0.936324 1 0.936324 1 0.936324 1 0.936324 1 0.936324 1 0.936324 1 0.936324 1 0.936324 1 0.936324 1 
0.665702 0.33137 0.683068 0.386745 0.701881 0.446497 0.719247 0.499039 0.743849 0.553643 0.761216 0.606184 0.778582 0.638896 0.795948 0.668774 0.807525 0.698136 0.83068 0.739863 0.833575 0.757118 0.848046 0.781073 0.859624 0.804769 0.874096 0.825891 0.879884 0.857569 0.88712 0.870963 0.890014 0.874054 0.894356 0.881523 0.895803 0.8944 0.89725 0.904445 0.904486 0.920671 0.910275 0.946684 0.911722 0.948229 0.914616 0.956986 0.920405 0.971667 0.9233 0.977591 0.924747 0.979137 0.926194 0.980682 0.927641 0.985061 0.930535 0.988152 0.931983 0.989697 0.931983 0.995363 0.931983 0.995363 0.931983 0.995363 0.931983 0.995363 0.931983 0.995363 0.931983 0.995363 0.934877 0.998454 0.934877 0.998454 0.936324 1 0.936324 1 0.936324 1 0.936324 1 0.936324 1 0.936324 1 0.936324 1 0.936324 1 0.936324 1 0.936324 1 0.936324 1 0.936324 1 0.936324 1 0.936324 1 0.936324 1 0.936324 1 0.936324 1 0.936324 1 0.936324 1 0.936324 1 0.936324 1 0.936324 1 0.936324 1 0.936324 1 0.936324 1 0.936324 1 0.936324 1 0.936324 1 0.936324 1 0.936324 1 0.936324 1 0.936324 1 0.936324 1 0.936324 1 0.936324 1 0.936324 1 0.936324 1 0.936324 1 0.936324 1 0.936324 1 0.936324 1 0.936324 1 0.936324 1 0.936324 1 0.936324 1 0.936324 1 0.936324 1 0.936324 1 0.936324 1 0.936324 1 0.936324 1 0.936324 1 0.936324 1 0.936324 1 0.936324 1 0.936324 1 0.936324 1 0.936324 1 0.936324 1 0.936324 1 0.936324 1 
0.665702 0.501342 0.698987 0.562386 0.719247 0.612353 0.735166 0.643519 0.752533 0.676231 0.769899 0.700444 0.791606 0.732126 0.801737 0.751444 0.811867 0.77926 0.817656 0.791108 0.83068 0.819183 0.837916 0.826911 0.850941 0.852153 0.861071 0.865805 0.863965 0.868896 0.871201 0.88229 0.882779 0.903153 0.888567 0.909335 0.891462 0.915259 0.892909 0.919638 0.898698 0.931486 0.903039 0.944621 0.907381 0.949258 0.910275 0.955182 0.913169 0.961106 0.913169 0.961106 0.916064 0.964197 0.918958 0.967289 0.920405 0.968834 0.920405 0.971667 0.9233 0.974758 0.924747 0.976304 0.924747 0.976304 0.929088 0.983773 0.929088 0.989439 0.930535 0.990985 0.930535 0.990985 0.930535 0.990985 0.931983 0.99253 0.93343 0.994076 0.934877 0.995622 0.934877 0.995622 0.934877 0.995622 0.934877 0.995622 0.934877 0.998454 0.934877 0.998454 0.934877 0.998454 0.934877 0.998454 0.934877 0.998454 0.936324 1 0.936324 1 0.936324 1 0.936324 1 0.936324 1 0.936324 1 0.936324 1 0.936324 1 0.936324 1 0.936324 1 0.936324 1 0.936324 1 0.936324 1 0.936324 1 0.936324 1 0.936324 1 0.936324 1 0.936324 1 0.936324 1 0.936324 1 0.936324 1 0.936324 1 0.936324 1 0.936324 1 0.936324 1 0.936324 1 0.936324 1 0.936324 1 0.936324 1 0.936324 1 0.936324 1 0.936324 1 0.936324 1 0.936324 1 0.936324 1 0.936324 1 0.936324 1 0.936324 1 0.936324 1 0.936324 1 0.936324 1 0.936324 1 0.936324 1 0.936324 1 0.936324 1 0.936324 1 0.936324 1 0.936324 1 0.936324 1 0.936324 1 0.936324 1 
0.665702 0.665648 0.693198 0.70068 0.712012 0.723606 0.735166 0.748335 0.745297 0.767653 0.765557 0.792124 0.781476 0.817624 0.801737 0.839262 0.813314 0.851627 0.826339 0.86837 0.832127 0.874553 0.842258 0.891038 0.850941 0.900311 0.855282 0.904948 0.858177 0.908039 0.868307 0.918858 0.869754 0.923237 0.874096 0.927874 0.878437 0.93251 0.884226 0.938693 0.885673 0.940238 0.892909 0.947966 0.892909 0.947966 0.894356 0.949512 0.901592 0.962906 0.907381 0.969088 0.908828 0.970634 0.918958 0.981453 0.918958 0.981453 0.920405 0.982998 0.920405 0.982998 0.9233 0.98609 0.9233 0.98609 0.9233 0.98609 0.924747 0.987635 0.926194 0.989181 0.926194 0.989181 0.927641 0.990726 0.929088 0.992272 0.929088 0.992272 0.930535 0.993818 0.931983 0.995363 0.931983 0.995363 0.93343 0.996909 0.934877 0.998454 0.934877 0.998454 0.934877 0.998454 0.936324 1 0.936324 1 0.936324 1 0.936324 1 0.936324 1 0.936324 1 0.936324 1 0.936324 1 0.936324 1 0.936324 1 0.936324 1 0.936324 1 0.936324 1 0.936324 1 0.936324 1 0.936324 1 0.936324 1 0.936324 1 0.936324 1 0.936324 1 0.936324 1 0.936324 1 0.936324 1 0.936324 1 0.936324 1 0.936324 1 0.936324 1 0.936324 1 0.936324 1 0.936324 1 0.936324 1 0.936324 1 0.936324 1 0.936324 1 0.936324 1 0.936324 1 0.936324 1 0.936324 1 0.936324 1 0.936324 1 0.936324 1 0.936324 1 0.936324 1 0.936324 1 0.936324 1 0.936324 1 0.936324 1 0.936324 1 0.936324 1 0.936324 1 0.936324 1 0.936324 1 0.936324 1 
0.664255 0.831294 0.677279 0.844687 0.700434 0.868384 0.7178 0.871475 0.742402 0.878944 0.759768 0.899549 0.785818 0.899549 0.800289 0.908565 0.808973 0.914489 0.823444 0.932261 0.836469 0.936639 0.845152 0.939731 0.848046 0.945655 0.855282 0.950033 0.869754 0.953124 0.87699 0.963685 0.892909 0.965231 0.894356 0.966776 0.895803 0.971155 0.898698 0.971155 0.903039 0.9727 0.903039 0.975533 0.903039 0.975533 0.907381 0.977079 0.910275 0.979912 0.910275 0.979912 0.913169 0.982745 0.916064 0.982745 0.916064 0.985577 0.918958 0.98841 0.920405 0.989956 0.9233 0.992789 0.926194 0.992789 0.926194 0.992789 0.926194 0.992789 0.926194 0.995622 0.926194 0.995622 0.926194 0.995622 0.929088 0.995622 0.929088 0.995622 0.929088 0.995622 0.929088 0.995622 0.930535 0.997167 0.93343 0.997167 0.93343 0.997167 0.93343 0.997167 0.93343 0.997167 0.93343 0.997167 0.93343 0.997167 0.93343 0.997167 0.936324 0.997167 0.936324 0.997167 0.936324 0.997167 0.936324 0.997167 0.936324 0.997167 0.936324 0.997167 0.936324 0.997167 0.936324 0.997167 0.936324 0.997167 0.936324 1 0.936324 1 0.936324 1 0.936324 1 0.936324 1 0.936324 1 0.936324 1 0.936324 1 0.936324 1 0.936324 1 0.936324 1 0.936324 1 0.936324 1 0.936324 1 0.936324 1 0.936324 1 0.936324 1 0.936324 1 0.936324 1 0.936324 1 0.936324 1 0.936324 1 0.936324 1 0.936324 1 0.936324 1 0.936324 1 0.936324 1 0.936324 1 0.936324 1 0.936324 1 0.936324 1 0.936324 1 0.936324 1 0.936324 1 0.936324 1 0.936324 1 0.936324 1 0.936324 1 0.936324 1 0.936324 1 0.936324 1 
0.664255 0.997167 0.68741 0.997167 0.716353 0.997167 0.733719 0.997167 0.748191 0.997167 0.762663 0.997167 0.780029 0.997167 0.806078 0.997167 0.823444 0.997167 0.837916 0.997167 0.843705 0.997167 0.849493 0.997167 0.849493 0.997167 0.858177 0.997167 0.861071 0.997167 0.86686 0.997167 0.875543 0.997167 0.88712 0.997167 0.895803 0.997167 0.898698 0.997167 0.907381 0.997167 0.907381 0.997167 0.907381 0.997167 0.910275 0.997167 0.913169 0.997167 0.916064 0.997167 0.918958 0.997167 0.918958 0.997167 0.921852 1 0.921852 1 0.921852 1 0.924747 1 0.924747 1 0.924747 1 0.924747 1 0.924747 1 0.924747 1 0.924747 1 0.930535 1 0.930535 1 0.930535 1 0.930535 1 0.93343 1 0.93343 1 0.93343 1 0.93343 1 0.93343 1 0.93343 1 0.93343 1 0.93343 1 0.936324 1 0.936324 1 0.936324 1 0.936324 1 0.936324 1 0.936324 1 0.936324 1 0.936324 1 0.936324 1 0.936324 1 0.936324 1 0.936324 1 0.936324 1 0.936324 1 0.936324 1 0.936324 1 0.936324 1 0.936324 1 0.936324 1 0.936324 1 0.936324 1 0.936324 1 0.936324 1 0.936324 1 0.936324 1 0.936324 1 0.936324 1 0.936324 1 0.936324 1 0.936324 1 0.936324 1 0.936324 1 0.936324 1 0.936324 1 0.936324 1 0.936324 1 0.936324 1 0.936324 1 0.936324 1 0.936324 1 0.936324 1 0.936324 1 0.936324 1 0.936324 1 0.936324 1 0.936324 1 0.936324 1 0.936324 1 0.936324 1 0.936324 1 
0.832127 -0.000801257 0.842258 0.100669 0.850941 0.177932 0.863965 0.251332 0.871201 0.332715 0.874096 0.381131 0.885673 0.450153 0.888567 0.490072 0.892909 0.548533 0.894356 0.595404 0.89725 0.640988 0.900145 0.675241 0.905933 0.709752 0.907381 0.731128 0.908828 0.755336 0.916064 0.774396 0.916064 0.791393 0.917511 0.818434 0.920405 0.83569 0.921852 0.845734 0.9233 0.858611 0.9233 0.875608 0.9233 0.884107 0.926194 0.892864 0.929088 0.904453 0.929088 0.910119 0.929088 0.912952 0.929088 0.924283 0.929088 0.929949 0.929088 0.941281 0.929088 0.946946 0.930535 0.951325 0.930535 0.959823 0.930535 0.968322 0.931983 0.9727 0.93343 0.977079 0.93343 0.979912 0.93343 0.982745 0.934877 0.98429 0.934877 0.989956 0.936324 0.994334 0.936324 0.994334 0.936324 1 0.936324 1 0.936324 1 0.936324 1 0.936324 1 0.936324 1 0.936324 1 0.936324 1 0.936324 1 0.936324 1 0.936324 1 0.936324 1 0.936324 1 0.936324 1 0.936324 1 0.936324 1 0.936324 1 0.936324 1 0.936324 1 0.936324 1 0.936324 1 0.936324 1 0.936324 1 0.936324 1 0.936324 1 0.936324 1 0.936324 1 0.936324 1 0.936324 1 0.936324 1 0.936324 1 0.936324 1 0.936324 1 0.936324 1 0.936324 1 0.936324 1 0.936324 1 0.936324 1 0.936324 1 0.936324 1 0.936324 1 0.936324 1 0.936324 1 0.936324 1 0.936324 1 0.936324 1 0.936324 1 0.936324 1 0.936324 1 0.936324 1 0.936324 1 0.936324 1 0.936324 1 0.936324 1 0.936324 1 0.936324 1 0.936324 1 0.936324 1 
0.832127 0.166338 0.843705 0.229694 0.856729 0.291763 0.862518 0.365934 0.86686 0.432894 0.87699 0.489039 0.882779 0.540547 0.885673 0.591797 0.891462 0.626308 0.89725 0.666484 0.903039 0.698162 0.905933 0.715418 0.907381 0.742459 0.910275 0.771046 0.911722 0.789589 0.913169 0.7968 0.916064 0.82822 0.917511 0.841097 0.920405 0.858353 0.920405 0.878183 0.920405 0.892347 0.920405 0.906511 0.9233 0.912435 0.924747 0.919647 0.924747 0.922479 0.924747 0.928145 0.926194 0.932524 0.927641 0.936902 0.927641 0.942568 0.927641 0.945401 0.927641 0.948234 0.929088 0.961111 0.930535 0.965489 0.930535 0.968322 0.930535 0.968322 0.931983 0.9727 0.934877 0.978624 0.934877 0.978624 0.934877 0.981457 0.934877 0.98429 0.934877 0.98429 0.934877 0.989956 0.934877 0.989956 0.934877 0.989956 0.934877 0.989956 0.934877 0.989956 0.934877 0.989956 0.934877 0.989956 0.934877 0.992789 0.934877 0.995622 0.934877 0.995622 0.936324 0.997167 0.936324 1 0.936324 1 0.936324 1 0.936324 1 0.936324 1 0.936324 1 0.936324 1 0.936324 1 0.936324 1 0.936324 1 0.936324 1 0.936324 1 0.936324 1 0.936324 1 0.936324 1 0.936324 1 0.936324 1 0.936324 1 0.936324 1 0.936324 1 0.936324 1 0.936324 1 0.936324 1 0.936324 1 0.936324 1 0.936324 1 0.936324 1 0.936324 1 0.936324 1 0.936324 1 0.936324 1 0.936324 1 0.936324 1 0.936324 1 0.936324 1 0.936324 1 0.936324 1 0.936324 1 0.936324 1 0.936324 1 0.936324 1 0.936324 1 0.936324 1 0.936324 1 0.936324 1 0.936324 1 0.936324 1 0.936324 1 
0.832127 0.330644 0.842258 0.383956 0.852388 0.445766 0.853835 0.492638 0.861071 0.537193 0.865412 0.58149 0.872648 0.623212 0.879884 0.667767 0.881331 0.683477 0.881331 0.714638 0.884226 0.746058 0.888567 0.767692 0.895803 0.786752 0.898698 0.809673 0.900145 0.82255 0.903039 0.836973 0.904486 0.84985 0.907381 0.858607 0.908828 0.879982 0.908828 0.891314 0.913169 0.904449 0.916064 0.916039 0.917511 0.92325 0.917511 0.937414 0.917511 0.945913 0.921852 0.95055 0.924747 0.953641 0.927641 0.959565 0.927641 0.962398 0.929088 0.969609 0.929088 0.975275 0.930535 0.97682 0.930535 0.979653 0.930535 0.985319 0.931983 0.986865 0.93343 0.991243 0.934877 0.995622 0.934877 0.995622 0.934877 0.995622 0.934877 0.995622 0.934877 0.995622 0.934877 0.995622 0.936324 0.997167 0.936324 0.997167 0.936324 0.997167 0.936324 0.997167 0.936324 0.997167 0.936324 0.997167 0.936324 0.997167 0.936324 0.997167 0.936324 0.997167 0.936324 0.997167 0.936324 0.997167 0.936324 0.997167 0.936324 0.997167 0.936324 0.997167 0.936324 0.997167 0.936324 1 0.936324 1 0.936324 1 0.936324 1 0.936324 1 0.936324 1 0.936324 1 0.936324 1 0.936324 1 0.936324 1 0.936324 1 0.936324 1 0.936324 1 0.936324 1 0.936324 1 0.936324 1 0.936324 1 0.936324 1 0.936324 1 0.936324 1 0.936324 1 0.936324 1 0.936324 1 0.936324 1 0.936324 1 0.936324 1 0.936324 1 0.936324 1 0.936324 1 0.936324 1 0.936324 1 0.936324 1 0.936324 1 0.936324 1 0.936324 1 0.936324 1 0.936324 1 0.936324 1 0.936324 1 0.936324 1 0.936324 1 0.936324 1 0.936324 1 
0.832127 0.500615 0.839363 0.542337 0.849493 0.567321 0.856729 0.611876 0.862518 0.635056 0.869754 0.673945 0.875543 0.70279 0.879884 0.718759 0.88712 0.743484 0.894356 0.77954 0.898698 0.804007 0.903039 0.828474 0.904486 0.841351 0.907381 0.847275 0.911722 0.863243 0.913169 0.884619 0.914616 0.897496 0.916064 0.90754 0.917511 0.917584 0.920405 0.923508 0.921852 0.933553 0.9233 0.940764 0.9233 0.94643 0.926194 0.958019 0.930535 0.962656 0.930535 0.965489 0.930535 0.971155 0.930535 0.973988 0.930535 0.973988 0.930535 0.97682 0.930535 0.979653 0.931983 0.981199 0.931983 0.981199 0.931983 0.981199 0.931983 0.984032 0.931983 0.989697 0.931983 0.989697 0.931983 0.989697 0.931983 0.989697 0.931983 0.99253 0.931983 0.99253 0.931983 0.99253 0.931983 0.99253 0.931983 0.99253 0.931983 0.99253 0.931983 0.99253 0.93343 0.994076 0.93343 0.994076 0.93343 0.994076 0.93343 0.994076 0.93343 0.994076 0.934877 0.995622 0.934877 0.995622 0.936324 0.997167 0.936324 0.997167 0.936324 0.997167 0.936324 0.997167 0.936324 0.997167 0.936324 0.997167 0.936324 0.997167 0.936324 0.997167 0.936324 0.997167 0.936324 0.997167 0.936324 0.997167 0.936324 0.997167 0.936324 0.997167 0.936324 0.997167 0.936324 0.997167 0.936324 0.997167 0.936324 0.997167 0.936324 0.997167 0.936324 0.997167 0.936324 0.997167 0.936324 0.997167 0.936324 0.997167 0.936324 0.997167 0.936324 0.997167 0.936324 0.997167 0.936324 0.997167 0.936324 0.997167 0.936324 0.997167 0.936324 0.997167 0.936324 0.997167 0.936324 0.997167 0.936324 0.997167 0.936324 0.997167 0.936324 0.997167 0.936324 0.997167 0.936324 0.997167 0.936324 0.997167 0.936324 0.997167 0.936324 0.997167 0.936324 0.997167 0.936324 0.997167 0.936324 0.997167 0.936324 0.997167 0.936324 0.997167 0.936324 1 0.936324 1 0.936324 1 
0.832127 0.664921 0.843705 0.705614 0.855282 0.732144 0.86686 0.750174 0.872648 0.770521 0.881331 0.793959 0.884226 0.808381 0.890014 0.834394 0.892909 0.845983 0.892909 0.860148 0.900145 0.876374 0.904486 0.886677 0.905933 0.891055 0.908828 0.894146 0.914616 0.908827 0.918958 0.927628 0.918958 0.93896 0.918958 0.944626 0.920405 0.946171 0.920405 0.949004 0.920405 0.951837 0.921852 0.956215 0.924747 0.962139 0.924747 0.967805 0.924747 0.970638 0.924747 0.976304 0.926194 0.977849 0.926194 0.977849 0.927641 0.982228 0.931983 0.986865 0.931983 0.989697 0.931983 0.989697 0.931983 0.99253 0.931983 0.995363 0.93343 0.996909 0.93343 0.996909 0.93343 0.996909 0.93343 0.996909 0.93343 0.996909 0.93343 0.996909 0.93343 0.996909 0.93343 0.996909 0.934877 0.998454 0.934877 0.998454 0.934877 0.998454 0.934877 0.998454 0.934877 0.998454 0.934877 0.998454 0.936324 1 0.936324 1 0.936324 1 0.936324 1 0.936324 1 0.936324 1 0.936324 1 0.936324 1 0.936324 1 0.936324 1 0.936324 1 0.936324 1 0.936324 1 0.936324 1 0.936324 1 0.936324 1 0.936324 1 0.936324 1 0.936324 1 0.936324 1 0.936324 1 0.936324 1 0.936324 1 0.936324 1 0.936324 1 0.936324 1 0.936324 1 0.936324 1 0.936324 1 0.936324 1 0.936324 1 0.936324 1 0.936324 1 0.936324 1 0.936324 1 0.936324 1 0.936324 1 0.936324 1 0.936324 1 0.936324 1 0.936324 1 0.936324 1 0.936324 1 0.936324 1 0.936324 1 0.936324 1 0.936324 1 0.936324 1 0.936324 1 0.936324 1 0.936324 1 0.936324 1 
0.832127 0.83206 0.842258 0.857043 0.850941 0.866317 0.856729 0.878165 0.862518 0.88718 0.863965 0.888726 0.869754 0.897741 0.881331 0.912939 0.884226 0.918863 0.888567 0.926332 0.892909 0.939468 0.898698 0.948483 0.901592 0.951574 0.904486 0.957498 0.910275 0.963681 0.914616 0.968317 0.916064 0.972696 0.918958 0.975787 0.920405 0.980166 0.921852 0.981711 0.9233 0.98609 0.924747 0.987635 0.927641 0.990726 0.927641 0.990726 0.927641 0.990726 0.930535 0.993818 0.930535 0.993818 0.930535 0.993818 0.930535 0.993818 0.930535 0.993818 0.930535 0.993818 0.931983 0.995363 0.931983 0.995363 0.931983 0.995363 0.931983 0.995363 0.931983 0.995363 0.931983 0.995363 0.931983 0.995363 0.931983 0.995363 0.931983 0.995363 0.931983 0.995363 0.93343 0.996909 0.93343 0.996909 0.93343 0.996909 0.93343 0.996909 0.93343 0.996909 0.93343 0.996909 0.934877 0.998454 0.934877 0.998454 0.934877 0.998454 0.934877 0.998454 0.936324 1 0.936324 1 0.936324 1 0.936324 1 0.936324 1 0.936324 1 0.936324 1 0.936324 1 0.936324 1 0.936324 1 0.936324 1 0.936324 1 0.936324 1 0.936324 1 0.936324 1 0.936324 1 0.936324 1 0.936324 1 0.936324 1 0.936324 1 0.936324 1 0.936324 1 0.936324 1 0.936324 1 0.936324 1 0.936324 1 0.936324 1 0.936324 1 0.936324 1 0.936324 1 0.936324 1 0.936324 1 0.936324 1 0.936324 1 0.936324 1 0.936324 1 0.936324 1 0.936324 1 0.936324 1 0.936324 1 0.936324 1 0.936324 1 0.936324 1 0.936324 1 0.936324 1 0.936324 1 0.936324 1 0.936324 1 0.936324 1 
0.832127 0.997167 0.84081 0.997167 0.849493 1 0.858177 1 0.863965 1 0.869754 1 0.872648 1 0.878437 1 0.878437 1 0.884226 1 0.88712 1 0.898698 1 0.907381 1 0.907381 1 0.907381 1 0.910275 1 0.910275 1 0.910275 1 0.913169 1 0.916064 1 0.916064 1 0.921852 1 0.921852 1 0.921852 1 0.921852 1 0.921852 1 0.921852 1 0.921852 1 0.921852 1 0.921852 1 0.921852 1 0.927641 1 0.927641 1 0.930535 1 0.930535 1 0.930535 1 0.93343 1 0.93343 1 0.93343 1 0.93343 1 0.936324 1 0.936324 1 0.936324 1 0.936324 1 0.936324 1 0.936324 1 0.936324 1 0.936324 1 0.936324 1 0.936324 1 0.936324 1 0.936324 1 0.936324 1 0.936324 1 0.936324 1 0.936324 1 0.936324 1 0.936324 1 0.936324 1 0.936324 1 0.936324 1 0.936324 1 0.936324 1 0.936324 1 0.936324 1 0.936324 1 0.936324 1 0.936324 1 0.936324 1 0.936324 1 0.936324 1 0.936324 1 0.936324 1 0.936324 1 0.936324 1 0.936324 1 0.936324 1 0.936324 1 0.936324 1 0.936324 1 0.936324 1 0.936324 1 0.936324 1 0.936324 1 0.936324 1 0.936324 1 0.936324 1 0.936324 1 0.936324 1 0.936324 1 0.936324 1 0.936324 1 0.936324 1 0.936324 1 0.936324 1 0.936324 1 0.936324 1 0.936324 1 0.936324 1 0.936324 1 
0.936324 -4.79616e-017 0.936324 0.0708215 0.936324 0.164306 0.936324 0.229462 0.936324 0.322946 0.936324 0.388102 0.936324 0.427762 0.936324 0.473088 0.936324 0.541076 0.936324 0.577904 0.936324 0.620397 0.936324 0.66289 0.936324 0.694051 0.936324 0.728045 0.936324 0.753541 0.936324 0.773371 0.936324 0.796034 0.936324 0.807365 0.936324 0.832861 0.936324 0.844193 0.936324 0.86119 0.936324 0.875354 0.936324 0.878187 0.936324 0.892351 0.936324 0.903683 0.936324 0.92068 0.936324 0.92068 0.936324 0.932011 0.936324 0.94051 0.936324 0.949008 0.936324 0.957507 0.936324 0.96034 0.936324 0.96034 0.936324 0.963173 0.936324 0.966006 0.936324 0.968839 0.936324 0.968839 0.936324 0.968839 0.936324 0.971671 0.936324 0.974504 0.936324 0.977337 0.936324 0.977337 0.936324 0.98017 0.936324 0.98017 0.936324 0.988669 0.936324 0.994334 0.936324 0.994334 0.936324 0.994334 0.936324 0.994334 0.936324 0.997167 0.936324 1 0.936324 1 0.936324 1 0.936324 1 0.936324 1 0.936324 1 0.936324 1 0.936324 1 0.936324 1 0.936324 1 0.936324 1 0.936324 1 0.936324 1 0.936324 1 0.936324 1 0.936324 1 0.936324 1 0.936324 1 0.936324 1 0.936324 1 0.936324 1 0.936324 1 0.936324 1 0.936324 1 0.936324 1 0.936324 1 0.936324 1 0.936324 1 0.936324 1 0.936324 1 0.936324 1 0.936324 1 0.936324 1 0.936324 1 0.936324 1 0.936324 1 0.936324 1 0.936324 1 0.936324 1 0.936324 1 0.936324 1 0.936324 1 0.936324 1 0.936324 1 0.936324 1 0.936324 1 0.936324 1 0.936324 1 0.936324 1 0.936324 1 
0.936324 0.167139 0.936324 0.254958 0.936324 0.320113 0.936324 0.382436 0.936324 0.436261 0.936324 0.495751 0.936324 0.549575 0.936324 0.594901 0.936324 0.628895 0.936324 0.674221 0.936324 0.713881 0.936324 0.74221 0.936324 0.779037 0.936324 0.8017 0.936324 0.807365 0.936324 0.827195 0.936324 0.84136 0.936324 0.858357 0.936324 0.864023 0.936324 0.88102 0.936324 0.889518 0.936324 0.903683 0.936324 0.906516 0.936324 0.917847 0.936324 0.923513 0.936324 0.929178 0.936324 0.94051 0.936324 0.946176 0.936324 0.951841 0.936324 0.951841 0.936324 0.954674 0.936324 0.96034 0.936324 0.971671 0.936324 0.971671 0.936324 0.971671 0.936324 0.977337 0.936324 0.977337 0.936324 0.977337 0.936324 0.977337 0.936324 0.98017 0.936324 0.98017 0.936324 0.98017 0.936324 0.985836 0.936324 0.988669 0.936324 0.988669 0.936324 0.991501 0.936324 0.997167 0.936324 0.997167 0.936324 0.997167 0.936324 0.997167 0.936324 0.997167 0.936324 0.997167 0.936324 0.997167 0.936324 0.997167 0.936324 1 0.936324 1 0.936324 1 0.936324 1 0.936324 1 0.936324 1 0.936324 1 0.936324 1 0.936324 1 0.936324 1 0.936324 1 0.936324 1 0.936324 1 0.936324 1 0.936324 1 0.936324 1 0.936324 1 0.936324 1 0.936324 1 0.936324 1 0.936324 1 0.936324 1 0.936324 1 0.936324 1 0.936324 1 0.936324 1 0.936324 1 0.936324 1 0.936324 1 0.936324 1 0.936324 1 0.936324 1 0.936324 1 0.936324 1 0.936324 1 0.936324 1 0.936324 1 0.936324 1 0.936324 1 0.936324 1 0.936324 1 0.936324 1 0.936324 1 0.936324 1 0.936324 1 0.936324 1 
0.936324 0.331445 0.936324 0.399433 0.936324 0.461756 0.936324 0.507082 0.936324 0.555241 0.936324 0.592068 0.936324 0.634561 0.936324 0.660057 0.936324 0.677054 0.936324 0.70255 0.936324 0.730878 0.936324 0.76204 0.936324 0.787535 0.936324 0.815864 0.936324 0.832861 0.936324 0.849858 0.936324 0.864023 0.936324 0.869688 0.936324 0.883853 0.936324 0.892351 0.936324 0.90085 0.936324 0.915014 0.936324 0.923513 0.936324 0.934844 0.936324 0.937677 0.936324 0.943343 0.936324 0.943343 0.936324 0.949008 0.936324 0.949008 0.936324 0.954674 0.936324 0.957507 0.936324 0.96034 0.936324 0.966006 0.936324 0.971671 0.936324 0.977337 0.936324 0.983003 0.936324 0.985836 0.936324 0.985836 0.936324 0.991501 0.936324 0.994334 0.936324 0.994334 0.936324 0.994334 0.936324 1 0.936324 1 0.936324 1 0.936324 1 0.936324 1 0.936324 1 0.936324 1 0.936324 1 0.936324 1 0.936324 1 0.936324 1 0.936324 1 0.936324 1 0.936324 1 0.936324 1 0.936324 1 0.936324 1 0.936324 1 0.936324 1 0.936324 1 0.936324 1 0.936324 1 0.936324 1 0.936324 1 0.936324 1 0.936324 1 0.936324 1 0.936324 1 0.936324 1 0.936324 1 0.936324 1 0.936324 1 0.936324 1 0.936324 1 0.936324 1 0.936324 1 0.936324 1 0.936324 1 0.936324 1 0.936324 1 0.936324 1 0.936324 1 0.936324 1 0.936324 1 0.936324 1 0.936324 1 0.936324 1 0.936324 1 0.936324 1 0.936324 1 0.936324 1 0.936324 1 0.936324 1 0.936324 1 0.936324 1 0.936324 1 0.936324 1 0.936324 1 
0.936324 0.498584 0.936324 0.546742 0.936324 0.580737 0.936324 0.603399 0.936324 0.637394 0.936324 0.660057 0.936324 0.694051 0.936324 0.719547 0.936324 0.753541 0.936324 0.773371 0.936324 0.798867 0.936324 0.818697 0.936324 0.844193 0.936324 0.866856 0.936324 0.886686 0.936324 0.895184 0.936324 0.90085 0.936324 0.909348 0.936324 0.917847 0.936324 0.926346 0.936324 0.932011 0.936324 0.937677 0.936324 0.94051 0.936324 0.94051 0.936324 0.951841 0.936324 0.957507 0.936324 0.96034 0.936324 0.963173 0.936324 0.974504 0.936324 0.977337 0.936324 0.98017 0.936324 0.98017 0.936324 0.983003 0.936324 0.983003 0.936324 0.988669 0.936324 0.988669 0.936324 0.988669 0.936324 0.988669 0.936324 0.991501 0.936324 0.994334 0.936324 0.994334 0.936324 0.994334 0.936324 0.994334 0.936324 0.994334 0.936324 0.997167 0.936324 0.997167 0.936324 0.997167 0.936324 0.997167 0.936324 0.997167 0.936324 0.997167 0.936324 0.997167 0.936324 0.997167 0.936324 0.997167 0.936324 0.997167 0.936324 0.997167 0.936324 0.997167 0.936324 0.997167 0.936324 0.997167 0.936324 0.997167 0.936324 1 0.936324 1 0.936324 1 0.936324 1 0.936324 1 0.936324 1 0.936324 1 0.936324 1 0.936324 1 0.936324 1 0.936324 1 0.936324 1 0.936324 1 0.936324 1 0.936324 1 0.936324 1 0.936324 1 0.936324 1 0.936324 1 0.936324 1 0.936324 1 0.936324 1 0.936324 1 0.936324 1 0.936324 1 0.936324 1 0.936324 1 0.936324 1 0.936324 1 0.936324 1 0.936324 1 0.936324 1 0.936324 1 0.936324 1 0.936324 1 0.936324 1 0.936324 1 0.936324 1 0.936324 1 0.936324 1 0.936324 1 
0.936324 0.665722 0.936324 0.699717 0.936324 0.736544 0.936324 0.759207 0.936324 0.78187 0.936324 0.8017 0.936324 0.832861 0.936324 0.852691 0.936324 0.86119 0.936324 0.88102 0.936324 0.883853 0.936324 0.892351 0.936324 0.898017 0.936324 0.906516 0.936324 0.909348 0.936324 0.915014 0.936324 0.929178 0.936324 0.932011 0.936324 0.937677 0.936324 0.937677 0.936324 0.94051 0.936324 0.943343 0.936324 0.946176 0.936324 0.946176 0.936324 0.949008 0.936324 0.951841 0.936324 0.957507 0.936324 0.963173 0.936324 0.966006 0.936324 0.966006 0.936324 0.971671 0.936324 0.971671 0.936324 0.98017 0.936324 0.983003 0.936324 0.983003 0.936324 0.988669 0.936324 0.991501 0.936324 0.991501 0.936324 0.991501 0.936324 0.991501 0.936324 0.991501 0.936324 0.991501 0.936324 0.991501 0.936324 0.991501 0.936324 0.991501 0.936324 0.991501 0.936324 0.994334 0.936324 0.994334 0.936324 0.994334 0.936324 0.994334 0.936324 0.994334 0.936324 0.994334 0.936324 0.994334 0.936324 0.994334 0.936324 0.997167 0.936324 0.997167 0.936324 0.997167 0.936324 0.997167 0.936324 0.997167 0.936324 0.997167 0.936324 0.997167 0.936324 0.997167 0.936324 0.997167 0.936324 1 0.936324 1 0.936324 1 0.936324 1 0.936324 1 0.936324 1 0.936324 1 0.936324 1 0.936324 1 0.936324 1 0.936324 1 0.936324 1 0.936324 1 0.936324 1 0.936324 1 0.936324 1 0.936324 1 0.936324 1 0.936324 1 0.936324 1 0.936324 1 0.936324 1 0.936324 1 0.936324 1 0.936324 1 0.936324 1 0.936324 1 0.936324 1 0.936324 1 0.936324 1 0.936324 1 0.936324 1 0.936324 1 0.936324 1 0.936324 1 0.936324 1 0.936324 1 
0.936324 0.832861 0.936324 0.86119 0.936324 0.875354 0.936324 0.883853 0.936324 0.892351 0.936324 0.909348 0.936324 0.923513 0.936324 0.937677 0.936324 0.937677 0.936324 0.954674 0.936324 0.957507 0.936324 0.957507 0.936324 0.96034 0.936324 0.96034 0.936324 0.96034 0.936324 0.966006 0.936324 0.966006 0.936324 0.971671 0.936324 0.971671 0.936324 0.974504 0.936324 0.974504 0.936324 0.977337 0.936324 0.98017 0.936324 0.98017 0.936324 0.985836 0.936324 0.985836 0.936324 0.985836 0.936324 0.985836 0.936324 0.985836 0.936324 0.985836 0.936324 0.985836 0.936324 0.991501 0.936324 0.991501 0.936324 0.994334 0.936324 0.994334 0.936324 0.994334 0.936324 0.997167 0.936324 0.997167 0.936324 0.997167 0.936324 0.997167 0.936324 0.997167 0.936324 0.997167 0.936324 0.997167 0.936324 0.997167 0.936324 0.997167 0.936324 0.997167 0.936324 0.997167 0.936324 1 0.936324 1 0.936324 1 0.936324 1 0.936324 1 0.936324 1 0.936324 1 0.936324 1 0.936324 1 0.936324 1 0.936324 1 0.936324 1 0.936324 1 0.936324 1 0.936324 1 0.936324 1 0.936324 1 0.936324 1 0.936324 1 0.936324 1 0.936324 1 0.936324 1 0.936324 1 0.936324 1 0.936324 1 0.936324 1 0.936324 1 0.936324 1 0.936324 1 0.936324 1 0.936324 1 0.936324 1 0.936324 1 0.936324 1 0.936324 1 0.936324 1 0.936324 1 0.936324 1 0.936324 1 0.936324 1 0.936324 1 0.936324 1 0.936324 1 0.936324 1 0.936324 1 0.936324 1 0.936324 1 0.936324 1 0.936324 1 0.936324 1 0.936324 1 0.936324 1 0.936324 1 
0.936324 0.997167 0.936324 0.997167 0.936324 0.997167 0.936324 0.997167 0.936324 0.997167 0.936324 0.997167 0.936324 0.997167 0.936324 0.997167 0.936324 0.997167 0.936324 0.997167 0.936324 1 0.936324 1 0.936324 1 0.936324 1 0.936324 1 0.936324 1 0.936324 1 0.936324 1 0.936324 1 0.936324 1 0.936324 1 0.936324 1 0.936324 1 0.936324 1 0.936324 1 0.936324 1 0.936324 1 0.936324 1 0.936324 1 0.936324 1 0.936324 1 0.936324 1 0.936324 1 0.936324 1 0.936324 1 0.936324 1 0.936324 1 0.936324 1 0.936324 1 0.936324 1 0.936324 1 0.936324 1 0.936324 1 0.936324 1 0.936324 1 0.936324 1 0.936324 1 0.936324 1 0.936324 1 0.936324 1 0.936324 1 0.936324 1 0.936324 1 0.936324 1 0.936324 1 0.936324 1 0.936324 1 0.936324 1 0.936324 1 0.936324 1 0.936324 1 0.936324 1 0.936324 1 0.936324 1 0.936324 1 0.936324 1 0.936324 1 0.936324 1 0.936324 1 0.936324 1 0.936324 1 0.936324 1 0.936324 1 0.936324 1 0.936324 1 0.936324 1 0.936324 1 0.936324 1 0.936324 1 0.936324 1 0.936324 1 0.936324 1 0.936324 1 0.936324 1 0.936324 1 0.936324 1 0.936324 1 0.936324 1 0.936324 1 0.936324 1 0.936324 1 0.936324 1 0.936324 1 0.936324 1 0.936324 1 0.936324 1 0.936324 1 0.936324 1 0.936324 1 0.936324 1 
