Q 3
deviation 0.1
N 1000
maxNrIterations 2
updateAsynch 0
xMin 0
xMax 0.12
dimX 100
data_begin
0 1.01838
0.0012 1.01955
0.0024 0.964602
0.0036 1.01682
0.0048 0.986466
0.006 0.992378
0.0072 1.01382
0.0084 0.992424
0.0096 1.03206
0.0108 0.976331
0.012 0.977273
0.0132 1.02946
0.0144 0.98494
0.0156 1.05046
0.0168 0.973799
0.018 0.995516
0.0192 1.01652
0.0204 1.01625
0.0216 0.978873
0.0228 0.951149
0.024 1.04532
0.0252 0.982684
0.0264 0.98091
0.0276 1.00599
0.0288 1.00149
0.03 0.985141
0.0312 0.998492
0.0324 1.01057
0.0336 0.989537
0.0348 1.00906
0.036 0.971557
0.0372 1.02311
0.0384 1.00753
0.0396 1.02392
0.0408 0.975504
0.042 0.952733
0.0432 1.06202
0.0444 0.978134
0.0456 0.962742
0.0468 1.0245
0.048 0.982063
0.0492 1.0137
0.0504 0.872372
0.0516 0.788608
0.0528 0.90175
0.054 0.983582
0.0552 1.0258
0.0564 0.994126
0.0576 0.951327
0.0588 0.990798
0.06 1.02778
0.0612 0.957958
0.0624 0.93617
0.0636 1.01508
0.0648 0.991241
0.066 0.977909
0.0672 1.00904
0.0684 0.956716
0.0696 0.983359
0.0708 0.923538
0.072 0.875
0.0732 0.80274
0.0744 0.864146
0.0756 0.932489
0.0768 1
0.078 0.870677
0.0792 0.872368
0.0804 1
0.0816 0.840708
0.0828 0.829371
0.084 0.878628
0.0852 0.997001
0.0864 0.986527
0.0876 0.998483
0.0888 0.845821
0.09 0.886767
0.0912 0.96391
0.0924 0.891654
0.0936 0.938746
0.0948 0.891074
0.096 0.795231
0.0972 0.832187
0.0984 0.893499
0.0996 0.984802
0.1008 0.894659
0.102 0.81276
0.1032 0.886145
0.1044 0.980213
0.1056 0.956259
0.1068 0.86627
0.108 0.907648
0.1092 0.925816
0.1104 0.906977
0.1116 0.946349
0.1128 0.877676
0.114 0.849185
0.1152 0.831187
0.1164 0.901269
0.1176 0.963018
0.1188 0.899096
