#name D:\Jimmy\Thesis\ANN35\data\apic000.bmp
#width 40
#height 40
#matrix 16777215 16777215 16777215 16777215 16777215 16777215 16777215 16777215 16777215 16777215 16777215 16777215 16777215 16777215 16777215 16777215 16777215 16777215 16777215 16777215 1118481 16777215 16777215 16777215 16777215 16777215 16777215 16777215 16777215 16777215 16777215 16777215 16777215 16777215 16777215 16777215 16777215 16777215 16777215 16777215 
16777215 16777215 16777215 16777215 16777215 16777215 16777215 16777215 16777215 16777215 16777215 1118481 0 16777215 16777215 16777215 16777215 16777215 16777215 16777215 1118481 16777215 16777215 16777215 16777215 16777215 16777215 16777215 0 1118481 16777215 16777215 16777215 16777215 16777215 16777215 16777215 16777215 16777215 16777215 
16777215 16777215 16777215 16777215 16777215 16777215 16777215 16777215 16777215 16777215 16777215 16777215 1118481 0 16777215 16777215 16777215 16777215 16777215 16777215 0 16777215 16777215 16777215 16777215 16777215 16777215 0 1118481 16777215 16777215 16777215 16777215 16777215 16777215 0 1118481 16777215 16777215 16777215 
16777215 16777215 16777215 1118481 16777215 16777215 16777215 16777215 16777215 16777215 16777215 16777215 16777215 1118481 16777215 16777215 16777215 16777215 1118481 0 1118481 0 16777215 16777215 16777215 16777215 16777215 0 16777215 16777215 16777215 16777215 16777215 16777215 1118481 0 16777215 16777215 16777215 16777215 
16777215 16777215 16777215 1118481 0 16777215 16777215 16777215 16777215 16777215 16777215 16777215 16777215 1118481 0 1118481 0 1118481 10066329 10066329 10066329 10066329 0 1118481 0 1118481 0 1118481 16777215 16777215 16777215 16777215 16777215 0 1118481 16777215 16777215 16777215 16777215 16777215 
16777215 16777215 16777215 16777215 1118481 0 16777215 16777215 16777215 16777215 16777215 16777215 1118481 10066329 10066329 10066329 10066329 10066329 10066329 10066329 10066329 10066329 10066329 10066329 10066329 10066329 10066329 1118481 16777215 16777215 16777215 16777215 0 1118481 16777215 16777215 16777215 16777215 16777215 16777215 
16777215 16777215 16777215 16777215 16777215 0 1118481 16777215 16777215 16777215 0 1118481 10066329 10066329 10066329 10066329 10066329 10066329 10066329 10066329 10066329 10066329 10066329 10066329 10066329 10066329 10066329 10066329 1118481 0 16777215 0 1118481 16777215 16777215 16777215 16777215 16777215 16777215 16777215 
16777215 16777215 16777215 16777215 16777215 16777215 1118481 0 16777215 0 10066329 10066329 10066329 10066329 10066329 10066329 10066329 10066329 10066329 10066329 10066329 10066329 10066329 10066329 10066329 10066329 10066329 10066329 10066329 10066329 1118481 0 16777215 16777215 16777215 16777215 16777215 16777215 16777215 16777215 
16777215 16777215 16777215 16777215 16777215 16777215 16777215 0 1118481 10066329 10066329 10066329 10066329 10066329 10066329 10066329 10066329 10066329 10066329 10066329 10066329 10066329 10066329 10066329 10066329 10066329 10066329 10066329 10066329 10066329 10066329 1118481 16777215 16777215 16777215 16777215 16777215 16777215 16777215 16777215 
16777215 16777215 16777215 16777215 16777215 16777215 16777215 1118481 10066329 10066329 10066329 10066329 10066329 10066329 10066329 10066329 10066329 10066329 10066329 10066329 10066329 10066329 10066329 10066329 10066329 10066329 10066329 10066329 10066329 10066329 10066329 10066329 1118481 16777215 16777215 16777215 16777215 16777215 16777215 1118481 
1118481 16777215 16777215 16777215 16777215 16777215 16777215 1118481 10066329 10066329 10066329 0 1118481 10066329 10066329 10066329 10066329 10066329 10066329 10066329 10066329 10066329 10066329 10066329 10066329 10066329 10066329 10066329 10066329 10066329 10066329 10066329 0 16777215 16777215 16777215 16777215 16777215 0 0 
0 0 16777215 16777215 16777215 16777215 1118481 10066329 10066329 1118481 0 10066329 10066329 1118481 0 10066329 10066329 10066329 10066329 10066329 10066329 10066329 10066329 10066329 10066329 1118481 0 10066329 10066329 10066329 10066329 10066329 1118481 0 16777215 16777215 16777215 1118481 0 16777215 
16777215 1118481 16777215 16777215 16777215 1118481 10066329 10066329 1118481 10066329 10066329 10066329 10066329 10066329 10066329 1118481 10066329 10066329 10066329 10066329 10066329 10066329 10066329 0 1118481 10066329 10066329 0 1118481 10066329 10066329 10066329 10066329 0 0 0 0 1118481 16777215 16777215 
16777215 16777215 1118481 0 0 0 10066329 10066329 10066329 10066329 10066329 1118481 0 10066329 10066329 10066329 10066329 10066329 10066329 10066329 10066329 10066329 1118481 10066329 10066329 10066329 10066329 10066329 10066329 1118481 10066329 10066329 10066329 10066329 1118481 16777215 16777215 16777215 16777215 16777215 
16777215 16777215 16777215 16777215 1118481 10066329 10066329 10066329 10066329 10066329 1118481 16777215 16777215 1118481 10066329 10066329 10066329 10066329 10066329 10066329 10066329 10066329 10066329 10066329 10066329 0 1118481 10066329 10066329 10066329 10066329 10066329 10066329 10066329 0 0 16777215 16777215 16777215 16777215 
16777215 16777215 16777215 16777215 0 10066329 10066329 10066329 10066329 1118481 16777215 1118481 0 16777215 1118481 10066329 10066329 10066329 10066329 10066329 10066329 10066329 10066329 10066329 1118481 16777215 16777215 1118481 10066329 10066329 10066329 10066329 10066329 10066329 10066329 1118481 16777215 16777215 16777215 16777215 
16777215 16777215 16777215 16777215 1118481 10066329 10066329 10066329 10066329 1118481 16777215 0 1118481 16777215 1118481 10066329 10066329 10066329 10066329 10066329 10066329 10066329 10066329 1118481 16777215 0 1118481 16777215 1118481 10066329 10066329 10066329 10066329 10066329 10066329 0 16777215 16777215 16777215 16777215 
16777215 16777215 16777215 16777215 1118481 10066329 10066329 10066329 10066329 10066329 1118481 16777215 16777215 1118481 10066329 10066329 10066329 10066329 10066329 10066329 10066329 10066329 10066329 1118481 16777215 1118481 0 16777215 1118481 10066329 10066329 10066329 10066329 10066329 10066329 1118481 16777215 16777215 16777215 16777215 
16777215 16777215 16777215 1118481 10066329 10066329 10066329 10066329 10066329 10066329 10066329 0 1118481 10066329 10066329 10066329 10066329 10066329 10066329 10066329 10066329 10066329 10066329 10066329 1118481 16777215 16777215 1118481 10066329 10066329 10066329 10066329 10066329 10066329 10066329 10066329 0 16777215 16777215 16777215 
16777215 16777215 16777215 0 10066329 10066329 10066329 10066329 10066329 10066329 10066329 10066329 10066329 10066329 10066329 10066329 10066329 10066329 10066329 10066329 10066329 10066329 10066329 10066329 10066329 1118481 0 10066329 10066329 10066329 10066329 10066329 10066329 10066329 10066329 10066329 0 16777215 16777215 16777215 
0 0 1118481 0 10066329 10066329 10066329 10066329 10066329 10066329 10066329 10066329 10066329 10066329 10066329 10066329 10066329 0 0 1118481 0 10066329 10066329 10066329 10066329 10066329 10066329 10066329 10066329 10066329 10066329 10066329 10066329 10066329 10066329 10066329 0 0 1118481 0 
16777215 16777215 16777215 1118481 10066329 10066329 10066329 10066329 10066329 10066329 10066329 10066329 10066329 10066329 10066329 10066329 0 16777215 16777215 16777215 1118481 0 10066329 10066329 10066329 10066329 10066329 10066329 10066329 10066329 10066329 10066329 10066329 10066329 10066329 10066329 0 16777215 16777215 16777215 
16777215 16777215 16777215 0 10066329 10066329 10066329 10066329 10066329 10066329 10066329 10066329 10066329 10066329 10066329 10066329 0 16777215 16777215 16777215 16777215 1118481 10066329 10066329 10066329 10066329 10066329 10066329 10066329 10066329 10066329 10066329 10066329 10066329 10066329 10066329 0 16777215 16777215 16777215 
16777215 16777215 16777215 16777215 0 10066329 10066329 10066329 10066329 10066329 10066329 10066329 10066329 10066329 10066329 10066329 1118481 16777215 16777215 16777215 16777215 1118481 10066329 10066329 10066329 10066329 10066329 10066329 10066329 10066329 1118481 10066329 10066329 10066329 10066329 10066329 1118481 16777215 16777215 16777215 
16777215 16777215 16777215 16777215 0 10066329 10066329 10066329 10066329 1118481 0 10066329 10066329 10066329 10066329 10066329 10066329 0 1118481 0 1118481 10066329 10066329 10066329 10066329 10066329 10066329 10066329 10066329 0 1118481 10066329 10066329 10066329 10066329 1118481 16777215 16777215 16777215 16777215 
16777215 16777215 16777215 16777215 0 10066329 10066329 10066329 10066329 10066329 1118481 0 10066329 10066329 10066329 10066329 10066329 10066329 10066329 10066329 10066329 10066329 10066329 10066329 10066329 10066329 10066329 10066329 0 1118481 10066329 10066329 10066329 10066329 10066329 0 16777215 16777215 16777215 16777215 
16777215 16777215 16777215 16777215 1118481 10066329 10066329 10066329 10066329 10066329 1118481 0 0 0 1118481 0 1118481 0 1118481 0 1118481 0 1118481 0 1118481 0 1118481 0 1118481 10066329 10066329 10066329 10066329 10066329 10066329 0 0 0 16777215 16777215 
16777215 16777215 0 1118481 0 0 10066329 10066329 10066329 10066329 10066329 0 16777215 16777215 16777215 16777215 16777215 16777215 16777215 16777215 16777215 16777215 16777215 16777215 16777215 16777215 16777215 0 10066329 10066329 10066329 10066329 10066329 10066329 0 16777215 16777215 1118481 0 16777215 
0 0 1118481 16777215 16777215 1118481 10066329 10066329 10066329 10066329 10066329 0 1118481 16777215 16777215 16777215 16777215 16777215 16777215 16777215 16777215 16777215 16777215 16777215 16777215 16777215 0 1118481 10066329 10066329 10066329 10066329 10066329 10066329 1118481 16777215 16777215 16777215 1118481 0 
0 16777215 16777215 16777215 16777215 16777215 1118481 10066329 10066329 10066329 10066329 10066329 0 0 16777215 16777215 16777215 16777215 16777215 16777215 16777215 16777215 16777215 16777215 16777215 1118481 0 10066329 10066329 10066329 10066329 10066329 10066329 1118481 16777215 16777215 16777215 16777215 16777215 16777215 
16777215 16777215 16777215 16777215 16777215 16777215 16777215 1118481 10066329 10066329 10066329 10066329 10066329 1118481 0 16777215 16777215 16777215 16777215 16777215 16777215 16777215 16777215 16777215 0 1118481 10066329 10066329 10066329 10066329 10066329 10066329 0 16777215 16777215 16777215 16777215 16777215 16777215 16777215 
16777215 16777215 16777215 16777215 16777215 16777215 16777215 0 10066329 10066329 10066329 10066329 10066329 10066329 1118481 0 16777215 16777215 16777215 16777215 16777215 16777215 16777215 0 1118481 10066329 10066329 10066329 10066329 10066329 10066329 0 0 16777215 16777215 16777215 16777215 16777215 16777215 16777215 
16777215 16777215 16777215 16777215 16777215 16777215 16777215 0 1118481 10066329 10066329 10066329 10066329 10066329 10066329 0 1118481 0 1118481 0 1118481 0 0 1118481 10066329 10066329 10066329 10066329 10066329 10066329 0 1118481 0 1118481 16777215 16777215 16777215 16777215 16777215 16777215 
16777215 16777215 16777215 16777215 16777215 16777215 1118481 0 16777215 1118481 10066329 10066329 10066329 10066329 10066329 10066329 10066329 10066329 10066329 10066329 10066329 10066329 10066329 10066329 10066329 10066329 10066329 10066329 10066329 10066329 1118481 16777215 16777215 1118481 0 16777215 16777215 16777215 16777215 16777215 
16777215 16777215 16777215 16777215 16777215 0 1118481 16777215 16777215 16777215 0 1118481 10066329 10066329 10066329 10066329 10066329 10066329 10066329 10066329 10066329 10066329 10066329 10066329 10066329 10066329 10066329 10066329 0 1118481 16777215 16777215 16777215 16777215 1118481 0 16777215 16777215 16777215 16777215 
16777215 16777215 16777215 16777215 0 1118481 16777215 16777215 16777215 16777215 16777215 16777215 1118481 10066329 10066329 10066329 10066329 10066329 10066329 10066329 10066329 10066329 10066329 10066329 10066329 10066329 10066329 1118481 0 16777215 16777215 16777215 16777215 16777215 16777215 1118481 0 16777215 16777215 16777215 
16777215 16777215 16777215 0 16777215 16777215 16777215 16777215 16777215 16777215 16777215 16777215 16777215 0 0 1118481 0 1118481 10066329 10066329 10066329 10066329 1118481 0 1118481 0 1118481 16777215 0 16777215 16777215 16777215 16777215 16777215 16777215 16777215 0 1118481 16777215 16777215 
16777215 16777215 1118481 1118481 16777215 16777215 16777215 16777215 16777215 16777215 16777215 16777215 16777215 0 16777215 16777215 16777215 16777215 1118481 0 0 1118481 16777215 16777215 16777215 16777215 16777215 16777215 1118481 0 16777215 16777215 16777215 16777215 16777215 16777215 16777215 1118481 16777215 16777215 
16777215 16777215 16777215 16777215 16777215 16777215 16777215 16777215 16777215 16777215 16777215 0 0 16777215 16777215 16777215 16777215 16777215 16777215 16777215 0 16777215 16777215 16777215 16777215 16777215 16777215 16777215 16777215 0 0 16777215 16777215 16777215 16777215 16777215 16777215 16777215 16777215 16777215 
16777215 16777215 16777215 16777215 16777215 16777215 16777215 16777215 16777215 16777215 16777215 0 16777215 16777215 16777215 16777215 16777215 16777215 16777215 0 0 16777215 16777215 16777215 16777215 16777215 16777215 16777215 16777215 16777215 0 0 16777215 16777215 16777215 16777215 16777215 16777215 16777215 16777215 
