#name D:\Jimmy\Thesis\ANN35\data\apic001.bmp
#width 40
#height 40
#matrix 8947848 8947848 8947848 8947848 8947848 8947848 8947848 8947848 8947848 8947848 8947848 8947848 8947848 8947848 8947848 8947848 8947848 8947848 8947848 8947848 8947848 8947848 8947848 8947848 16777215 0 16777215 8947848 8947848 8947848 8947848 8947848 8947848 8947848 8947848 8947848 8947848 8947848 8947848 8947848 
8947848 8947848 8947848 8947848 8947848 8947848 8947848 8947848 8947848 16777215 8947848 8947848 8947848 8947848 8947848 8947848 8947848 8947848 8947848 8947848 8947848 8947848 8947848 8947848 8947848 16777215 8947848 8947848 8947848 8947848 8947848 8947848 8947848 8947848 8947848 8947848 8947848 8947848 8947848 8947848 
8947848 8947848 8947848 16777215 8947848 8947848 8947848 8947848 16777215 0 16777215 8947848 8947848 8947848 8947848 8947848 8947848 8947848 8947848 8947848 8947848 8947848 8947848 8947848 8947848 8947848 8947848 8947848 8947848 8947848 8947848 8947848 8947848 8947848 8947848 8947848 8947848 8947848 8947848 8947848 
8947848 8947848 16777215 0 16777215 8947848 8947848 8947848 8947848 16777215 8947848 8947848 8947848 8947848 8947848 8947848 8947848 8947848 0 0 1118481 0 8947848 8947848 8947848 8947848 8947848 8947848 8947848 8947848 8947848 8947848 8947848 8947848 8947848 16777215 8947848 8947848 8947848 8947848 
8947848 8947848 8947848 16777215 8947848 8947848 8947848 8947848 8947848 8947848 8947848 8947848 8947848 1118481 0 1118481 0 1118481 16777215 16777215 16777215 16777215 0 1118481 0 1118481 0 0 8947848 8947848 8947848 8947848 8947848 8947848 16777215 0 16777215 8947848 8947848 8947848 
8947848 8947848 8947848 8947848 8947848 8947848 8947848 8947848 8947848 8947848 8947848 8947848 1118481 16777215 16777215 16777215 16777215 16777215 16777215 16777215 16777215 16777215 16777215 16777215 16777215 16777215 16777215 1118481 8947848 8947848 8947848 8947848 8947848 8947848 8947848 16777215 8947848 8947848 8947848 8947848 
8947848 8947848 8947848 8947848 8947848 8947848 8947848 8947848 8947848 8947848 0 1118481 16777215 16777215 16777215 16777215 16777215 16777215 16777215 16777215 16777215 16777215 16777215 16777215 16777215 16777215 16777215 16777215 0 1118481 8947848 8947848 8947848 8947848 8947848 8947848 8947848 8947848 8947848 8947848 
8947848 8947848 8947848 8947848 8947848 8947848 8947848 8947848 8947848 1118481 16777215 16777215 16777215 16777215 16777215 16777215 16777215 16777215 16777215 16777215 16777215 16777215 16777215 16777215 16777215 16777215 16777215 16777215 16777215 16777215 1118481 0 8947848 8947848 8947848 8947848 8947848 8947848 8947848 8947848 
8947848 8947848 8947848 8947848 8947848 8947848 8947848 0 1118481 16777215 16777215 16777215 16777215 16777215 16777215 16777215 16777215 16777215 16777215 16777215 16777215 16777215 16777215 16777215 16777215 1118481 0 1118481 16777215 16777215 16777215 1118481 8947848 8947848 8947848 8947848 8947848 8947848 8947848 8947848 
8947848 8947848 16777215 8947848 8947848 8947848 8947848 1118481 16777215 16777215 16777215 16777215 16777215 16777215 16777215 16777215 16777215 16777215 16777215 16777215 16777215 16777215 1118481 0 1118481 8947848 8947848 8947848 1118481 0 1118481 16777215 0 8947848 8947848 8947848 8947848 8947848 8947848 8947848 
8947848 16777215 0 16777215 8947848 8947848 8947848 1118481 16777215 16777215 16777215 16777215 16777215 16777215 16777215 16777215 16777215 16777215 16777215 16777215 16777215 1118481 8947848 8947848 8947848 8947848 8947848 8947848 8947848 8947848 8947848 0 1118481 8947848 8947848 8947848 8947848 8947848 8947848 8947848 
8947848 8947848 16777215 8947848 8947848 8947848 1118481 16777215 16777215 16777215 16777215 16777215 16777215 16777215 16777215 16777215 16777215 16777215 16777215 16777215 1118481 8947848 8947848 8947848 8947848 8947848 8947848 8947848 8947848 8947848 8947848 8947848 1118481 8947848 8947848 8947848 8947848 8947848 8947848 8947848 
8947848 8947848 8947848 8947848 8947848 0 16777215 16777215 16777215 16777215 16777215 16777215 16777215 16777215 16777215 16777215 16777215 16777215 16777215 1118481 8947848 8947848 8947848 8947848 8947848 8947848 8947848 8947848 8947848 8947848 8947848 8947848 8947848 8947848 8947848 8947848 8947848 8947848 8947848 8947848 
8947848 8947848 8947848 8947848 1118481 0 16777215 16777215 16777215 16777215 16777215 1118481 0 16777215 16777215 16777215 16777215 16777215 0 8947848 8947848 8947848 8947848 8947848 8947848 8947848 8947848 8947848 8947848 8947848 8947848 8947848 8947848 8947848 8947848 8947848 8947848 8947848 8947848 8947848 
8947848 8947848 8947848 8947848 1118481 16777215 16777215 16777215 16777215 16777215 0 8947848 8947848 0 16777215 16777215 16777215 16777215 1118481 8947848 8947848 8947848 8947848 8947848 8947848 8947848 8947848 8947848 8947848 16777215 8947848 8947848 8947848 8947848 8947848 8947848 16777215 8947848 8947848 8947848 
8947848 8947848 8947848 8947848 0 16777215 16777215 16777215 16777215 0 8947848 8947848 8947848 8947848 0 16777215 16777215 0 8947848 8947848 8947848 8947848 8947848 8947848 8947848 8947848 8947848 8947848 16777215 0 16777215 8947848 8947848 8947848 8947848 16777215 0 16777215 8947848 8947848 
8947848 8947848 8947848 8947848 1118481 16777215 16777215 16777215 1118481 0 0 1118481 0 0 0 1118481 16777215 1118481 8947848 8947848 8947848 8947848 16777215 8947848 8947848 8947848 8947848 8947848 8947848 16777215 8947848 8947848 8947848 8947848 8947848 8947848 16777215 8947848 8947848 8947848 
8947848 8947848 8947848 8947848 1118481 16777215 16777215 16777215 16777215 16777215 1118481 16777215 16777215 1118481 16777215 16777215 16777215 1118481 8947848 8947848 8947848 16777215 0 16777215 8947848 8947848 8947848 8947848 8947848 8947848 8947848 8947848 8947848 8947848 8947848 8947848 8947848 8947848 8947848 8947848 
8947848 8947848 8947848 1118481 16777215 16777215 16777215 16777215 16777215 16777215 16777215 0 1118481 16777215 16777215 16777215 1118481 8947848 8947848 8947848 8947848 8947848 16777215 8947848 8947848 8947848 8947848 8947848 8947848 8947848 8947848 8947848 8947848 8947848 8947848 8947848 8947848 8947848 8947848 8947848 
8947848 8947848 8947848 1118481 16777215 16777215 16777215 16777215 16777215 16777215 16777215 16777215 16777215 16777215 16777215 16777215 0 8947848 8947848 8947848 8947848 8947848 8947848 8947848 8947848 8947848 8947848 8947848 8947848 8947848 8947848 8947848 8947848 8947848 8947848 8947848 8947848 8947848 8947848 8947848 
8947848 8947848 8947848 0 16777215 16777215 16777215 16777215 16777215 16777215 16777215 16777215 16777215 16777215 16777215 16777215 0 1118481 0 1118481 0 8947848 8947848 8947848 8947848 8947848 8947848 8947848 8947848 8947848 8947848 8947848 8947848 8947848 8947848 8947848 8947848 8947848 8947848 8947848 
8947848 8947848 8947848 1118481 16777215 16777215 16777215 16777215 16777215 16777215 16777215 16777215 16777215 16777215 16777215 16777215 16777215 16777215 16777215 16777215 1118481 0 8947848 8947848 8947848 8947848 8947848 8947848 8947848 8947848 8947848 8947848 8947848 8947848 8947848 8947848 8947848 8947848 8947848 8947848 
8947848 8947848 8947848 1118481 16777215 16777215 16777215 16777215 16777215 16777215 16777215 16777215 16777215 16777215 16777215 16777215 16777215 16777215 16777215 16777215 16777215 1118481 8947848 8947848 8947848 8947848 8947848 8947848 8947848 8947848 8947848 8947848 16777215 8947848 8947848 8947848 8947848 8947848 8947848 8947848 
8947848 8947848 8947848 8947848 1118481 16777215 16777215 16777215 16777215 16777215 16777215 16777215 16777215 16777215 16777215 16777215 16777215 16777215 16777215 16777215 16777215 1118481 8947848 8947848 8947848 8947848 8947848 8947848 8947848 8947848 8947848 16777215 0 16777215 8947848 8947848 8947848 8947848 8947848 8947848 
8947848 8947848 8947848 8947848 0 16777215 16777215 16777215 16777215 0 1118481 16777215 16777215 16777215 16777215 16777215 16777215 0 0 1118481 1118481 8947848 8947848 8947848 8947848 8947848 8947848 8947848 8947848 8947848 8947848 8947848 16777215 8947848 8947848 8947848 8947848 8947848 8947848 8947848 
8947848 8947848 8947848 8947848 1118481 16777215 16777215 16777215 16777215 16777215 1118481 0 16777215 16777215 16777215 16777215 16777215 1118481 8947848 8947848 8947848 8947848 8947848 8947848 8947848 16777215 8947848 8947848 8947848 8947848 8947848 8947848 8947848 8947848 8947848 8947848 8947848 8947848 8947848 8947848 
8947848 8947848 8947848 8947848 0 16777215 16777215 16777215 16777215 16777215 16777215 0 1118481 16777215 16777215 16777215 16777215 0 1118481 8947848 8947848 8947848 8947848 8947848 16777215 0 16777215 8947848 8947848 8947848 8947848 8947848 8947848 8947848 8947848 8947848 8947848 8947848 8947848 8947848 
8947848 8947848 8947848 8947848 1118481 0 16777215 16777215 16777215 16777215 16777215 16777215 16777215 1118481 0 16777215 16777215 16777215 0 8947848 8947848 8947848 8947848 8947848 8947848 16777215 8947848 8947848 8947848 8947848 8947848 8947848 8947848 8947848 8947848 8947848 8947848 8947848 8947848 8947848 
8947848 8947848 16777215 8947848 8947848 1118481 16777215 16777215 16777215 16777215 16777215 16777215 16777215 16777215 16777215 1118481 0 1118481 0 1118481 8947848 8947848 8947848 8947848 8947848 8947848 8947848 8947848 8947848 8947848 8947848 8947848 8947848 8947848 8947848 8947848 8947848 8947848 8947848 8947848 
8947848 16777215 0 16777215 8947848 8947848 1118481 16777215 16777215 16777215 16777215 16777215 16777215 16777215 16777215 16777215 16777215 16777215 16777215 1118481 8947848 8947848 8947848 8947848 8947848 8947848 8947848 8947848 8947848 8947848 8947848 8947848 8947848 8947848 8947848 8947848 8947848 8947848 8947848 8947848 
8947848 8947848 16777215 8947848 8947848 8947848 8947848 1118481 16777215 16777215 16777215 16777215 16777215 16777215 16777215 16777215 16777215 16777215 16777215 16777215 1118481 8947848 8947848 8947848 8947848 8947848 8947848 8947848 8947848 8947848 8947848 8947848 8947848 8947848 8947848 8947848 16777215 8947848 8947848 8947848 
8947848 8947848 8947848 8947848 8947848 8947848 8947848 1118481 16777215 16777215 16777215 16777215 16777215 16777215 16777215 16777215 16777215 16777215 16777215 16777215 16777215 0 8947848 8947848 8947848 8947848 8947848 8947848 8947848 8947848 8947848 0 8947848 8947848 8947848 16777215 0 16777215 8947848 8947848 
8947848 8947848 8947848 8947848 8947848 8947848 8947848 8947848 1118481 16777215 16777215 16777215 16777215 16777215 16777215 16777215 16777215 16777215 16777215 16777215 16777215 1118481 0 1118481 8947848 8947848 8947848 8947848 1118481 0 0 1118481 8947848 8947848 8947848 8947848 16777215 8947848 8947848 8947848 
8947848 8947848 8947848 8947848 8947848 8947848 8947848 8947848 8947848 1118481 16777215 16777215 16777215 16777215 16777215 16777215 16777215 16777215 16777215 16777215 16777215 16777215 16777215 16777215 1118481 0 1118481 0 16777215 16777215 1118481 8947848 8947848 8947848 8947848 8947848 8947848 8947848 8947848 8947848 
8947848 8947848 8947848 16777215 8947848 8947848 8947848 8947848 8947848 8947848 0 1118481 16777215 16777215 16777215 16777215 16777215 16777215 16777215 16777215 16777215 16777215 16777215 16777215 16777215 16777215 16777215 16777215 0 1118481 8947848 8947848 8947848 8947848 8947848 8947848 8947848 8947848 8947848 8947848 
8947848 8947848 16777215 0 16777215 8947848 8947848 8947848 8947848 8947848 8947848 8947848 1118481 16777215 16777215 16777215 16777215 16777215 16777215 16777215 16777215 16777215 16777215 16777215 16777215 16777215 16777215 1118481 0 8947848 8947848 8947848 8947848 8947848 8947848 8947848 8947848 8947848 8947848 8947848 
8947848 8947848 8947848 16777215 8947848 8947848 8947848 8947848 8947848 8947848 8947848 8947848 8947848 1118481 0 1118481 0 1118481 16777215 16777215 16777215 16777215 0 0 1118481 0 1118481 8947848 8947848 8947848 8947848 8947848 16777215 8947848 8947848 8947848 8947848 8947848 8947848 8947848 
8947848 8947848 8947848 8947848 8947848 8947848 8947848 8947848 8947848 8947848 8947848 8947848 8947848 8947848 8947848 8947848 8947848 8947848 1118481 0 1118481 0 8947848 8947848 8947848 8947848 8947848 8947848 8947848 8947848 8947848 16777215 0 16777215 8947848 8947848 8947848 8947848 8947848 8947848 
8947848 8947848 8947848 8947848 8947848 8947848 8947848 8947848 8947848 8947848 16777215 8947848 8947848 8947848 8947848 8947848 8947848 8947848 8947848 8947848 8947848 8947848 8947848 8947848 8947848 8947848 8947848 8947848 8947848 8947848 8947848 8947848 16777215 8947848 8947848 8947848 8947848 8947848 8947848 8947848 
8947848 8947848 8947848 8947848 8947848 8947848 8947848 8947848 8947848 16777215 0 16777215 8947848 8947848 8947848 8947848 8947848 8947848 8947848 8947848 8947848 8947848 8947848 8947848 8947848 8947848 8947848 8947848 8947848 8947848 8947848 8947848 8947848 8947848 8947848 8947848 8947848 8947848 8947848 8947848 
