alfa = 0.137; temp = 0; N = 1000; P = 137
0 -16.406
100 -52.254
200 -89.934
300 -120.054
400 -148.3
500 -168.358
600 -182.43
700 -205.308
800 -223.212
900 -240.748
1000 -259.494
1100 -277.308
1200 -301.246
1300 -315.78
1400 -326.19
1500 -346.46
1600 -359.23
1700 -369.076
1800 -374.796
1900 -379.438
2000 -382.34
2100 -385.164
2200 -390.172
2300 -396.822
2400 -399.748
2500 -402.22
2600 -405.932
2700 -412.372
2800 -415.156
2900 -416.942
3000 -423.852
3100 -426.908
3200 -429.22
3300 -431.902
3400 -433.884
3500 -436.006
3600 -443.214
3700 -448.798
3800 -449.204
3900 -456.558
4000 -460.012
4100 -461.004
4200 -461.478
4300 -462.238
4400 -464.486
4500 -467.694
4600 -470.51
4700 -473.502
4800 -476.046
4900 -478.084
5000 -480.622
5100 -482.828
5200 -484.014
5300 -484.332
5400 -486.116
5500 -488.614
5600 -490.228
5700 -490.964
5800 -492.238
5900 -493.964
6000 -495.654
6100 -497.606
6200 -498.406
6300 -499.246
6400 -500.446
6500 -501.03
6600 -501.03
6700 -501.356
6800 -501.732
6900 -502.884
7000 -503.86
7100 -504.188
7200 -504.98
7300 -505.188
7400 -507.622
7500 -507.622
7600 -508.51
7700 -508.566
7800 -510.396
7900 -510.396
8000 -510.428
8100 -510.764
8200 -510.924
8300 -511.582
8400 -511.676
8500 -511.676
8600 -512.964
8700 -514.388
8800 -514.604
8900 -514.892
9000 -514.972
9100 -515.294
9200 -515.38
9300 -515.38
9400 -515.38
9500 -516.638
9600 -517.068
9700 -517.068
9800 -517.142
9900 -517.142

