alfa 0.01
N 100
maxNrIterations 10000
nrData 100
updateAsynch 1
xMin 0
xMax 1
dimX 5
yMin 0
yMax 1
dimY 5
data_begin
0.0144928 0.0169492 0.521739 0.610169 0.724638 0.847458 0.826087 0.966102 0.84058 0.983051 0.84058 0.983051 0.855072 1 0.855072 1 0.855072 1 0.855072 1 0.855072 1 0.855072 1 0.855072 1 0.855072 1 0.855072 1 0.855072 1 0.855072 1 0.855072 1 0.855072 1 0.855072 1 0.855072 1 0.855072 1 0.855072 1 0.855072 1 0.855072 1 0.855072 1 0.855072 1 0.855072 1 0.855072 1 0.855072 1 0.855072 1 0.855072 1 0.855072 1 0.855072 1 0.855072 1 0.855072 1 0.855072 1 0.855072 1 0.855072 1 0.855072 1 0.855072 1 0.855072 1 0.855072 1 0.855072 1 0.855072 1 0.855072 1 0.855072 1 0.855072 1 0.855072 1 0.855072 1 0.855072 1 0.855072 1 0.855072 1 0.855072 1 0.855072 1 0.855072 1 0.855072 1 0.855072 1 0.855072 1 0.855072 1 0.855072 1 0.855072 1 0.855072 1 0.855072 1 0.855072 1 0.855072 1 0.855072 1 0.855072 1 0.855072 1 0.855072 1 0.855072 1 0.855072 1 0.855072 1 0.855072 1 0.855072 1 0.855072 1 0.855072 1 0.855072 1 0.855072 1 0.855072 1 0.855072 1 0.855072 1 0.855072 1 0.855072 1 0.855072 1 0.855072 1 0.855072 1 0.855072 1 0.855072 1 0.855072 1 0.855072 1 0.855072 1 0.855072 1 0.855072 1 0.855072 1 0.855072 1 0.855072 1 0.855072 1 0.855072 1 0.855072 1 
0 0.230674 -0.57971 0.730881 -0.710145 0.873915 -0.797101 0.932203 -0.826087 0.966102 -0.855072 1 -0.855072 1 -0.855072 1 -0.855072 1 -0.855072 1 -0.855072 1 -0.855072 1 -0.855072 1 -0.855072 1 -0.855072 1 -0.855072 1 -0.855072 1 -0.855072 1 -0.855072 1 -0.855072 1 -0.855072 1 -0.855072 1 -0.855072 1 -0.855072 1 -0.855072 1 -0.855072 1 -0.855072 1 -0.855072 1 -0.855072 1 -0.855072 1 -0.855072 1 -0.855072 1 -0.855072 1 -0.855072 1 -0.855072 1 -0.855072 1 -0.855072 1 -0.855072 1 -0.855072 1 -0.855072 1 -0.855072 1 -0.855072 1 -0.855072 1 -0.855072 1 -0.855072 1 -0.855072 1 -0.855072 1 -0.855072 1 -0.855072 1 -0.855072 1 -0.855072 1 -0.855072 1 -0.855072 1 -0.855072 1 -0.855072 1 -0.855072 1 -0.855072 1 -0.855072 1 -0.855072 1 -0.855072 1 -0.855072 1 -0.855072 1 -0.855072 1 -0.855072 1 -0.855072 1 -0.855072 1 -0.855072 1 -0.855072 1 -0.855072 1 -0.855072 1 -0.855072 1 -0.855072 1 -0.855072 1 -0.855072 1 -0.855072 1 -0.855072 1 -0.855072 1 -0.855072 1 -0.855072 1 -0.855072 1 -0.855072 1 -0.855072 1 -0.855072 1 -0.855072 1 -0.855072 1 -0.855072 1 -0.855072 1 -0.855072 1 -0.855072 1 -0.855072 1 -0.855072 1 -0.855072 1 -0.855072 1 -0.855072 1 -0.855072 1 -0.855072 1 -0.855072 1 -0.855072 1 -0.855072 1 -0.855072 1 
-0.0289855 0.511368 -0.492754 0.817693 -0.782609 0.93427 -0.855072 0.95122 -0.855072 0.95122 -0.855072 1 -0.855072 1 -0.855072 1 -0.855072 1 -0.855072 1 -0.855072 1 -0.855072 1 -0.855072 1 -0.855072 1 -0.855072 1 -0.855072 1 -0.855072 1 -0.855072 1 -0.855072 1 -0.855072 1 -0.855072 1 -0.855072 1 -0.855072 1 -0.855072 1 -0.855072 1 -0.855072 1 -0.855072 1 -0.855072 1 -0.855072 1 -0.855072 1 -0.855072 1 -0.855072 1 -0.855072 1 -0.855072 1 -0.855072 1 -0.855072 1 -0.855072 1 -0.855072 1 -0.855072 1 -0.855072 1 -0.855072 1 -0.855072 1 -0.855072 1 -0.855072 1 -0.855072 1 -0.855072 1 -0.855072 1 -0.855072 1 -0.855072 1 -0.855072 1 -0.855072 1 -0.855072 1 -0.855072 1 -0.855072 1 -0.855072 1 -0.855072 1 -0.855072 1 -0.855072 1 -0.855072 1 -0.855072 1 -0.855072 1 -0.855072 1 -0.855072 1 -0.855072 1 -0.855072 1 -0.855072 1 -0.855072 1 -0.855072 1 -0.855072 1 -0.855072 1 -0.855072 1 -0.855072 1 -0.855072 1 -0.855072 1 -0.855072 1 -0.855072 1 -0.855072 1 -0.855072 1 -0.855072 1 -0.855072 1 -0.855072 1 -0.855072 1 -0.855072 1 -0.855072 1 -0.855072 1 -0.855072 1 -0.855072 1 -0.855072 1 -0.855072 1 -0.855072 1 -0.855072 1 -0.855072 1 -0.855072 1 -0.855072 1 -0.855072 1 -0.855072 1 -0.855072 1 -0.855072 1 -0.855072 1 -0.855072 1 
0.0144928 0.727573 0.507246 0.84415 0.724638 0.88549 0.768116 0.926829 0.826087 1 0.826087 1 0.826087 1 0.855072 1 0.855072 1 0.855072 1 0.855072 1 0.855072 1 0.855072 1 0.855072 1 0.855072 1 0.855072 1 0.855072 1 0.855072 1 0.855072 1 0.855072 1 0.855072 1 0.855072 1 0.855072 1 0.855072 1 0.855072 1 0.855072 1 0.855072 1 0.855072 1 0.855072 1 0.855072 1 0.855072 1 0.855072 1 0.855072 1 0.855072 1 0.855072 1 0.855072 1 0.855072 1 0.855072 1 0.855072 1 0.855072 1 0.855072 1 0.855072 1 0.855072 1 0.855072 1 0.855072 1 0.855072 1 0.855072 1 0.855072 1 0.855072 1 0.855072 1 0.855072 1 0.855072 1 0.855072 1 0.855072 1 0.855072 1 0.855072 1 0.855072 1 0.855072 1 0.855072 1 0.855072 1 0.855072 1 0.855072 1 0.855072 1 0.855072 1 0.855072 1 0.855072 1 0.855072 1 0.855072 1 0.855072 1 0.855072 1 0.855072 1 0.855072 1 0.855072 1 0.855072 1 0.855072 1 0.855072 1 0.855072 1 0.855072 1 0.855072 1 0.855072 1 0.855072 1 0.855072 1 0.855072 1 0.855072 1 0.855072 1 0.855072 1 0.855072 1 0.855072 1 0.855072 1 0.855072 1 0.855072 1 0.855072 1 0.855072 1 0.855072 1 0.855072 1 0.855072 1 0.855072 1 0.855072 1 0.855072 1 0.855072 1 
-0.0434783 1 -0.42029 1 -0.710145 1 -0.826087 1 -0.855072 1 -0.855072 1 -0.855072 1 -0.855072 1 -0.855072 1 -0.855072 1 -0.855072 1 -0.855072 1 -0.855072 1 -0.855072 1 -0.855072 1 -0.855072 1 -0.855072 1 -0.855072 1 -0.855072 1 -0.855072 1 -0.855072 1 -0.855072 1 -0.855072 1 -0.855072 1 -0.855072 1 -0.855072 1 -0.855072 1 -0.855072 1 -0.855072 1 -0.855072 1 -0.855072 1 -0.855072 1 -0.855072 1 -0.855072 1 -0.855072 1 -0.855072 1 -0.855072 1 -0.855072 1 -0.855072 1 -0.855072 1 -0.855072 1 -0.855072 1 -0.855072 1 -0.855072 1 -0.855072 1 -0.855072 1 -0.855072 1 -0.855072 1 -0.855072 1 -0.855072 1 -0.855072 1 -0.855072 1 -0.855072 1 -0.855072 1 -0.855072 1 -0.855072 1 -0.855072 1 -0.855072 1 -0.855072 1 -0.855072 1 -0.855072 1 -0.855072 1 -0.855072 1 -0.855072 1 -0.855072 1 -0.855072 1 -0.855072 1 -0.855072 1 -0.855072 1 -0.855072 1 -0.855072 1 -0.855072 1 -0.855072 1 -0.855072 1 -0.855072 1 -0.855072 1 -0.855072 1 -0.855072 1 -0.855072 1 -0.855072 1 -0.855072 1 -0.855072 1 -0.855072 1 -0.855072 1 -0.855072 1 -0.855072 1 -0.855072 1 -0.855072 1 -0.855072 1 -0.855072 1 -0.855072 1 -0.855072 1 -0.855072 1 -0.855072 1 -0.855072 1 -0.855072 1 -0.855072 1 -0.855072 1 -0.855072 1 -0.855072 1 
0.26087 0.0124018 0.652174 0.665151 0.753623 0.856966 0.797101 0.907813 0.84058 0.983051 0.855072 1 0.855072 1 0.855072 1 0.855072 1 0.855072 1 0.855072 1 0.855072 1 0.855072 1 0.855072 1 0.855072 1 0.855072 1 0.855072 1 0.855072 1 0.855072 1 0.855072 1 0.855072 1 0.855072 1 0.855072 1 0.855072 1 0.855072 1 0.855072 1 0.855072 1 0.855072 1 0.855072 1 0.855072 1 0.855072 1 0.855072 1 0.855072 1 0.855072 1 0.855072 1 0.855072 1 0.855072 1 0.855072 1 0.855072 1 0.855072 1 0.855072 1 0.855072 1 0.855072 1 0.855072 1 0.855072 1 0.855072 1 0.855072 1 0.855072 1 0.855072 1 0.855072 1 0.855072 1 0.855072 1 0.855072 1 0.855072 1 0.855072 1 0.855072 1 0.855072 1 0.855072 1 0.855072 1 0.855072 1 0.855072 1 0.855072 1 0.855072 1 0.855072 1 0.855072 1 0.855072 1 0.855072 1 0.855072 1 0.855072 1 0.855072 1 0.855072 1 0.855072 1 0.855072 1 0.855072 1 0.855072 1 0.855072 1 0.855072 1 0.855072 1 0.855072 1 0.855072 1 0.855072 1 0.855072 1 0.855072 1 0.855072 1 0.855072 1 0.855072 1 0.855072 1 0.855072 1 0.855072 1 0.855072 1 0.855072 1 0.855072 1 0.855072 1 0.855072 1 0.855072 1 0.855072 1 0.855072 1 0.855072 1 0.855072 1 0.855072 1 
0.246377 0.239355 0.652174 0.738322 0.768116 0.873915 0.84058 0.958661 0.855072 0.97561 0.855072 0.97561 0.855072 0.97561 0.855072 1 0.855072 1 0.855072 1 0.855072 1 0.855072 1 0.855072 1 0.855072 1 0.855072 1 0.855072 1 0.855072 1 0.855072 1 0.855072 1 0.855072 1 0.855072 1 0.855072 1 0.855072 1 0.855072 1 0.855072 1 0.855072 1 0.855072 1 0.855072 1 0.855072 1 0.855072 1 0.855072 1 0.855072 1 0.855072 1 0.855072 1 0.855072 1 0.855072 1 0.855072 1 0.855072 1 0.855072 1 0.855072 1 0.855072 1 0.855072 1 0.855072 1 0.855072 1 0.855072 1 0.855072 1 0.855072 1 0.855072 1 0.855072 1 0.855072 1 0.855072 1 0.855072 1 0.855072 1 0.855072 1 0.855072 1 0.855072 1 0.855072 1 0.855072 1 0.855072 1 0.855072 1 0.855072 1 0.855072 1 0.855072 1 0.855072 1 0.855072 1 0.855072 1 0.855072 1 0.855072 1 0.855072 1 0.855072 1 0.855072 1 0.855072 1 0.855072 1 0.855072 1 0.855072 1 0.855072 1 0.855072 1 0.855072 1 0.855072 1 0.855072 1 0.855072 1 0.855072 1 0.855072 1 0.855072 1 0.855072 1 0.855072 1 0.855072 1 0.855072 1 0.855072 1 0.855072 1 0.855072 1 0.855072 1 0.855072 1 0.855072 1 0.855072 1 0.855072 1 0.855072 1 0.855072 1 0.855072 1 0.855072 1 
0.246377 0.499793 0.652174 0.883423 0.811594 0.93427 0.84058 0.958661 0.84058 0.983051 0.855072 1 0.855072 1 0.855072 1 0.855072 1 0.855072 1 0.855072 1 0.855072 1 0.855072 1 0.855072 1 0.855072 1 0.855072 1 0.855072 1 0.855072 1 0.855072 1 0.855072 1 0.855072 1 0.855072 1 0.855072 1 0.855072 1 0.855072 1 0.855072 1 0.855072 1 0.855072 1 0.855072 1 0.855072 1 0.855072 1 0.855072 1 0.855072 1 0.855072 1 0.855072 1 0.855072 1 0.855072 1 0.855072 1 0.855072 1 0.855072 1 0.855072 1 0.855072 1 0.855072 1 0.855072 1 0.855072 1 0.855072 1 0.855072 1 0.855072 1 0.855072 1 0.855072 1 0.855072 1 0.855072 1 0.855072 1 0.855072 1 0.855072 1 0.855072 1 0.855072 1 0.855072 1 0.855072 1 0.855072 1 0.855072 1 0.855072 1 0.855072 1 0.855072 1 0.855072 1 0.855072 1 0.855072 1 0.855072 1 0.855072 1 0.855072 1 0.855072 1 0.855072 1 0.855072 1 0.855072 1 0.855072 1 0.855072 1 0.855072 1 0.855072 1 0.855072 1 0.855072 1 0.855072 1 0.855072 1 0.855072 1 0.855072 1 0.855072 1 0.855072 1 0.855072 1 0.855072 1 0.855072 1 0.855072 1 0.855072 1 0.855072 1 0.855072 1 0.855072 1 0.855072 1 0.855072 1 0.855072 1 0.855072 1 0.855072 1 0.855072 1 
0.246377 0.727573 0.637681 0.90988 0.73913 0.97561 0.826087 1 0.826087 1 0.826087 1 0.826087 1 0.855072 1 0.855072 1 0.855072 1 0.855072 1 0.855072 1 0.855072 1 0.855072 1 0.855072 1 0.855072 1 0.855072 1 0.855072 1 0.855072 1 0.855072 1 0.855072 1 0.855072 1 0.855072 1 0.855072 1 0.855072 1 0.855072 1 0.855072 1 0.855072 1 0.855072 1 0.855072 1 0.855072 1 0.855072 1 0.855072 1 0.855072 1 0.855072 1 0.855072 1 0.855072 1 0.855072 1 0.855072 1 0.855072 1 0.855072 1 0.855072 1 0.855072 1 0.855072 1 0.855072 1 0.855072 1 0.855072 1 0.855072 1 0.855072 1 0.855072 1 0.855072 1 0.855072 1 0.855072 1 0.855072 1 0.855072 1 0.855072 1 0.855072 1 0.855072 1 0.855072 1 0.855072 1 0.855072 1 0.855072 1 0.855072 1 0.855072 1 0.855072 1 0.855072 1 0.855072 1 0.855072 1 0.855072 1 0.855072 1 0.855072 1 0.855072 1 0.855072 1 0.855072 1 0.855072 1 0.855072 1 0.855072 1 0.855072 1 0.855072 1 0.855072 1 0.855072 1 0.855072 1 0.855072 1 0.855072 1 0.855072 1 0.855072 1 0.855072 1 0.855072 1 0.855072 1 0.855072 1 0.855072 1 0.855072 1 0.855072 1 0.855072 1 0.855072 1 0.855072 1 0.855072 1 0.855072 1 0.855072 1 0.855072 1 
0.246377 1 0.681159 1 0.768116 1 0.826087 1 0.855072 1 0.855072 1 0.855072 1 0.855072 1 0.855072 1 0.855072 1 0.855072 1 0.855072 1 0.855072 1 0.855072 1 0.855072 1 0.855072 1 0.855072 1 0.855072 1 0.855072 1 0.855072 1 0.855072 1 0.855072 1 0.855072 1 0.855072 1 0.855072 1 0.855072 1 0.855072 1 0.855072 1 0.855072 1 0.855072 1 0.855072 1 0.855072 1 0.855072 1 0.855072 1 0.855072 1 0.855072 1 0.855072 1 0.855072 1 0.855072 1 0.855072 1 0.855072 1 0.855072 1 0.855072 1 0.855072 1 0.855072 1 0.855072 1 0.855072 1 0.855072 1 0.855072 1 0.855072 1 0.855072 1 0.855072 1 0.855072 1 0.855072 1 0.855072 1 0.855072 1 0.855072 1 0.855072 1 0.855072 1 0.855072 1 0.855072 1 0.855072 1 0.855072 1 0.855072 1 0.855072 1 0.855072 1 0.855072 1 0.855072 1 0.855072 1 0.855072 1 0.855072 1 0.855072 1 0.855072 1 0.855072 1 0.855072 1 0.855072 1 0.855072 1 0.855072 1 0.855072 1 0.855072 1 0.855072 1 0.855072 1 0.855072 1 0.855072 1 0.855072 1 0.855072 1 0.855072 1 0.855072 1 0.855072 1 0.855072 1 0.855072 1 0.855072 1 0.855072 1 0.855072 1 0.855072 1 0.855072 1 0.855072 1 0.855072 1 0.855072 1 0.855072 1 
0.492754 -0.0334849 0.710145 -0.0719305 0.782609 -0.0847458 0.84058 0.446465 0.855072 0.731707 0.855072 0.902439 0.855072 0.926829 0.855072 1 0.855072 1 0.855072 1 0.855072 1 0.855072 1 0.855072 1 0.855072 1 0.855072 1 0.855072 1 0.855072 1 0.855072 1 0.855072 1 0.855072 1 0.855072 1 0.855072 1 0.855072 1 0.855072 1 0.855072 1 0.855072 1 0.855072 1 0.855072 1 0.855072 1 0.855072 1 0.855072 1 0.855072 1 0.855072 1 0.855072 1 0.855072 1 0.855072 1 0.855072 1 0.855072 1 0.855072 1 0.855072 1 0.855072 1 0.855072 1 0.855072 1 0.855072 1 0.855072 1 0.855072 1 0.855072 1 0.855072 1 0.855072 1 0.855072 1 0.855072 1 0.855072 1 0.855072 1 0.855072 1 0.855072 1 0.855072 1 0.855072 1 0.855072 1 0.855072 1 0.855072 1 0.855072 1 0.855072 1 0.855072 1 0.855072 1 0.855072 1 0.855072 1 0.855072 1 0.855072 1 0.855072 1 0.855072 1 0.855072 1 0.855072 1 0.855072 1 0.855072 1 0.855072 1 0.855072 1 0.855072 1 0.855072 1 0.855072 1 0.855072 1 0.855072 1 0.855072 1 0.855072 1 0.855072 1 0.855072 1 0.855072 1 0.855072 1 0.855072 1 0.855072 1 0.855072 1 0.855072 1 0.855072 1 0.855072 1 0.855072 1 0.855072 1 0.855072 1 0.855072 1 0.855072 1 0.855072 1 0.855072 1 
0.492754 0.234808 0.753623 0.735014 0.84058 0.93427 0.84058 0.983051 0.855072 1 0.855072 1 0.855072 1 0.855072 1 0.855072 1 0.855072 1 0.855072 1 0.855072 1 0.855072 1 0.855072 1 0.855072 1 0.855072 1 0.855072 1 0.855072 1 0.855072 1 0.855072 1 0.855072 1 0.855072 1 0.855072 1 0.855072 1 0.855072 1 0.855072 1 0.855072 1 0.855072 1 0.855072 1 0.855072 1 0.855072 1 0.855072 1 0.855072 1 0.855072 1 0.855072 1 0.855072 1 0.855072 1 0.855072 1 0.855072 1 0.855072 1 0.855072 1 0.855072 1 0.855072 1 0.855072 1 0.855072 1 0.855072 1 0.855072 1 0.855072 1 0.855072 1 0.855072 1 0.855072 1 0.855072 1 0.855072 1 0.855072 1 0.855072 1 0.855072 1 0.855072 1 0.855072 1 0.855072 1 0.855072 1 0.855072 1 0.855072 1 0.855072 1 0.855072 1 0.855072 1 0.855072 1 0.855072 1 0.855072 1 0.855072 1 0.855072 1 0.855072 1 0.855072 1 0.855072 1 0.855072 1 0.855072 1 0.855072 1 0.855072 1 0.855072 1 0.855072 1 0.855072 1 0.855072 1 0.855072 1 0.855072 1 0.855072 1 0.855072 1 0.855072 1 0.855072 1 0.855072 1 0.855072 1 0.855072 1 0.855072 1 0.855072 1 0.855072 1 0.855072 1 0.855072 1 0.855072 1 0.855072 1 0.855072 1 0.855072 1 0.855072 1 
0.492754 0.47871 0.710145 0.830508 0.782609 0.915254 0.855072 1 0.855072 1 0.855072 1 0.855072 1 0.855072 1 0.855072 1 0.855072 1 0.855072 1 0.855072 1 0.855072 1 0.855072 1 0.855072 1 0.855072 1 0.855072 1 0.855072 1 0.855072 1 0.855072 1 0.855072 1 0.855072 1 0.855072 1 0.855072 1 0.855072 1 0.855072 1 0.855072 1 0.855072 1 0.855072 1 0.855072 1 0.855072 1 0.855072 1 0.855072 1 0.855072 1 0.855072 1 0.855072 1 0.855072 1 0.855072 1 0.855072 1 0.855072 1 0.855072 1 0.855072 1 0.855072 1 0.855072 1 0.855072 1 0.855072 1 0.855072 1 0.855072 1 0.855072 1 0.855072 1 0.855072 1 0.855072 1 0.855072 1 0.855072 1 0.855072 1 0.855072 1 0.855072 1 0.855072 1 0.855072 1 0.855072 1 0.855072 1 0.855072 1 0.855072 1 0.855072 1 0.855072 1 0.855072 1 0.855072 1 0.855072 1 0.855072 1 0.855072 1 0.855072 1 0.855072 1 0.855072 1 0.855072 1 0.855072 1 0.855072 1 0.855072 1 0.855072 1 0.855072 1 0.855072 1 0.855072 1 0.855072 1 0.855072 1 0.855072 1 0.855072 1 0.855072 1 0.855072 1 0.855072 1 0.855072 1 0.855072 1 0.855072 1 0.855072 1 0.855072 1 0.855072 1 0.855072 1 0.855072 1 0.855072 1 0.855072 1 0.855072 1 0.855072 1 
0.478261 0.727573 0.637681 0.90988 0.73913 1 0.826087 1 0.855072 1 0.855072 1 0.855072 1 0.855072 1 0.855072 1 0.855072 1 0.855072 1 0.855072 1 0.855072 1 0.855072 1 0.855072 1 0.855072 1 0.855072 1 0.855072 1 0.855072 1 0.855072 1 0.855072 1 0.855072 1 0.855072 1 0.855072 1 0.855072 1 0.855072 1 0.855072 1 0.855072 1 0.855072 1 0.855072 1 0.855072 1 0.855072 1 0.855072 1 0.855072 1 0.855072 1 0.855072 1 0.855072 1 0.855072 1 0.855072 1 0.855072 1 0.855072 1 0.855072 1 0.855072 1 0.855072 1 0.855072 1 0.855072 1 0.855072 1 0.855072 1 0.855072 1 0.855072 1 0.855072 1 0.855072 1 0.855072 1 0.855072 1 0.855072 1 0.855072 1 0.855072 1 0.855072 1 0.855072 1 0.855072 1 0.855072 1 0.855072 1 0.855072 1 0.855072 1 0.855072 1 0.855072 1 0.855072 1 0.855072 1 0.855072 1 0.855072 1 0.855072 1 0.855072 1 0.855072 1 0.855072 1 0.855072 1 0.855072 1 0.855072 1 0.855072 1 0.855072 1 0.855072 1 0.855072 1 0.855072 1 0.855072 1 0.855072 1 0.855072 1 0.855072 1 0.855072 1 0.855072 1 0.855072 1 0.855072 1 0.855072 1 0.855072 1 0.855072 1 0.855072 1 0.855072 1 0.855072 1 0.855072 1 0.855072 1 0.855072 1 0.855072 1 
0.478261 1 0.710145 1 0.826087 1 0.826087 1 0.855072 1 0.855072 1 0.855072 1 0.855072 1 0.855072 1 0.855072 1 0.855072 1 0.855072 1 0.855072 1 0.855072 1 0.855072 1 0.855072 1 0.855072 1 0.855072 1 0.855072 1 0.855072 1 0.855072 1 0.855072 1 0.855072 1 0.855072 1 0.855072 1 0.855072 1 0.855072 1 0.855072 1 0.855072 1 0.855072 1 0.855072 1 0.855072 1 0.855072 1 0.855072 1 0.855072 1 0.855072 1 0.855072 1 0.855072 1 0.855072 1 0.855072 1 0.855072 1 0.855072 1 0.855072 1 0.855072 1 0.855072 1 0.855072 1 0.855072 1 0.855072 1 0.855072 1 0.855072 1 0.855072 1 0.855072 1 0.855072 1 0.855072 1 0.855072 1 0.855072 1 0.855072 1 0.855072 1 0.855072 1 0.855072 1 0.855072 1 0.855072 1 0.855072 1 0.855072 1 0.855072 1 0.855072 1 0.855072 1 0.855072 1 0.855072 1 0.855072 1 0.855072 1 0.855072 1 0.855072 1 0.855072 1 0.855072 1 0.855072 1 0.855072 1 0.855072 1 0.855072 1 0.855072 1 0.855072 1 0.855072 1 0.855072 1 0.855072 1 0.855072 1 0.855072 1 0.855072 1 0.855072 1 0.855072 1 0.855072 1 0.855072 1 0.855072 1 0.855072 1 0.855072 1 0.855072 1 0.855072 1 0.855072 1 0.855072 1 0.855072 1 0.855072 1 
0.73913 -0.013642 0.826087 0.722199 0.84058 0.8611 0.855072 0.97561 0.855072 1 0.855072 1 0.855072 1 0.855072 1 0.855072 1 0.855072 1 0.855072 1 0.855072 1 0.855072 1 0.855072 1 0.855072 1 0.855072 1 0.855072 1 0.855072 1 0.855072 1 0.855072 1 0.855072 1 0.855072 1 0.855072 1 0.855072 1 0.855072 1 0.855072 1 0.855072 1 0.855072 1 0.855072 1 0.855072 1 0.855072 1 0.855072 1 0.855072 1 0.855072 1 0.855072 1 0.855072 1 0.855072 1 0.855072 1 0.855072 1 0.855072 1 0.855072 1 0.855072 1 0.855072 1 0.855072 1 0.855072 1 0.855072 1 0.855072 1 0.855072 1 0.855072 1 0.855072 1 0.855072 1 0.855072 1 0.855072 1 0.855072 1 0.855072 1 0.855072 1 0.855072 1 0.855072 1 0.855072 1 0.855072 1 0.855072 1 0.855072 1 0.855072 1 0.855072 1 0.855072 1 0.855072 1 0.855072 1 0.855072 1 0.855072 1 0.855072 1 0.855072 1 0.855072 1 0.855072 1 0.855072 1 0.855072 1 0.855072 1 0.855072 1 0.855072 1 0.855072 1 0.855072 1 0.855072 1 0.855072 1 0.855072 1 0.855072 1 0.855072 1 0.855072 1 0.855072 1 0.855072 1 0.855072 1 0.855072 1 0.855072 1 0.855072 1 0.855072 1 0.855072 1 0.855072 1 0.855072 1 0.855072 1 0.855072 1 0.855072 1 0.855072 1 
0.73913 0.23026 0.826087 0.673419 0.826087 0.84415 0.855072 0.97561 0.855072 1 0.855072 1 0.855072 1 0.855072 1 0.855072 1 0.855072 1 0.855072 1 0.855072 1 0.855072 1 0.855072 1 0.855072 1 0.855072 1 0.855072 1 0.855072 1 0.855072 1 0.855072 1 0.855072 1 0.855072 1 0.855072 1 0.855072 1 0.855072 1 0.855072 1 0.855072 1 0.855072 1 0.855072 1 0.855072 1 0.855072 1 0.855072 1 0.855072 1 0.855072 1 0.855072 1 0.855072 1 0.855072 1 0.855072 1 0.855072 1 0.855072 1 0.855072 1 0.855072 1 0.855072 1 0.855072 1 0.855072 1 0.855072 1 0.855072 1 0.855072 1 0.855072 1 0.855072 1 0.855072 1 0.855072 1 0.855072 1 0.855072 1 0.855072 1 0.855072 1 0.855072 1 0.855072 1 0.855072 1 0.855072 1 0.855072 1 0.855072 1 0.855072 1 0.855072 1 0.855072 1 0.855072 1 0.855072 1 0.855072 1 0.855072 1 0.855072 1 0.855072 1 0.855072 1 0.855072 1 0.855072 1 0.855072 1 0.855072 1 0.855072 1 0.855072 1 0.855072 1 0.855072 1 0.855072 1 0.855072 1 0.855072 1 0.855072 1 0.855072 1 0.855072 1 0.855072 1 0.855072 1 0.855072 1 0.855072 1 0.855072 1 0.855072 1 0.855072 1 0.855072 1 0.855072 1 0.855072 1 0.855072 1 0.855072 1 0.855072 1 0.855072 1 
0.73913 0.498553 0.782609 0.842084 0.826087 0.966102 0.855072 1 0.855072 1 0.855072 1 0.855072 1 0.855072 1 0.855072 1 0.855072 1 0.855072 1 0.855072 1 0.855072 1 0.855072 1 0.855072 1 0.855072 1 0.855072 1 0.855072 1 0.855072 1 0.855072 1 0.855072 1 0.855072 1 0.855072 1 0.855072 1 0.855072 1 0.855072 1 0.855072 1 0.855072 1 0.855072 1 0.855072 1 0.855072 1 0.855072 1 0.855072 1 0.855072 1 0.855072 1 0.855072 1 0.855072 1 0.855072 1 0.855072 1 0.855072 1 0.855072 1 0.855072 1 0.855072 1 0.855072 1 0.855072 1 0.855072 1 0.855072 1 0.855072 1 0.855072 1 0.855072 1 0.855072 1 0.855072 1 0.855072 1 0.855072 1 0.855072 1 0.855072 1 0.855072 1 0.855072 1 0.855072 1 0.855072 1 0.855072 1 0.855072 1 0.855072 1 0.855072 1 0.855072 1 0.855072 1 0.855072 1 0.855072 1 0.855072 1 0.855072 1 0.855072 1 0.855072 1 0.855072 1 0.855072 1 0.855072 1 0.855072 1 0.855072 1 0.855072 1 0.855072 1 0.855072 1 0.855072 1 0.855072 1 0.855072 1 0.855072 1 0.855072 1 0.855072 1 0.855072 1 0.855072 1 0.855072 1 0.855072 1 0.855072 1 0.855072 1 0.855072 1 0.855072 1 0.855072 1 0.855072 1 0.855072 1 0.855072 1 0.855072 1 0.855072 1 
0.73913 0.742456 0.826087 0.892931 0.84058 0.958661 0.855072 0.97561 0.855072 0.97561 0.855072 1 0.855072 1 0.855072 1 0.855072 1 0.855072 1 0.855072 1 0.855072 1 0.855072 1 0.855072 1 0.855072 1 0.855072 1 0.855072 1 0.855072 1 0.855072 1 0.855072 1 0.855072 1 0.855072 1 0.855072 1 0.855072 1 0.855072 1 0.855072 1 0.855072 1 0.855072 1 0.855072 1 0.855072 1 0.855072 1 0.855072 1 0.855072 1 0.855072 1 0.855072 1 0.855072 1 0.855072 1 0.855072 1 0.855072 1 0.855072 1 0.855072 1 0.855072 1 0.855072 1 0.855072 1 0.855072 1 0.855072 1 0.855072 1 0.855072 1 0.855072 1 0.855072 1 0.855072 1 0.855072 1 0.855072 1 0.855072 1 0.855072 1 0.855072 1 0.855072 1 0.855072 1 0.855072 1 0.855072 1 0.855072 1 0.855072 1 0.855072 1 0.855072 1 0.855072 1 0.855072 1 0.855072 1 0.855072 1 0.855072 1 0.855072 1 0.855072 1 0.855072 1 0.855072 1 0.855072 1 0.855072 1 0.855072 1 0.855072 1 0.855072 1 0.855072 1 0.855072 1 0.855072 1 0.855072 1 0.855072 1 0.855072 1 0.855072 1 0.855072 1 0.855072 1 0.855072 1 0.855072 1 0.855072 1 0.855072 1 0.855072 1 0.855072 1 0.855072 1 0.855072 1 0.855072 1 0.855072 1 0.855072 1 0.855072 1 0.855072 1 
0.73913 1 0.826087 1 0.855072 1 0.855072 1 0.855072 1 0.855072 1 0.855072 1 0.855072 1 0.855072 1 0.855072 1 0.855072 1 0.855072 1 0.855072 1 0.855072 1 0.855072 1 0.855072 1 0.855072 1 0.855072 1 0.855072 1 0.855072 1 0.855072 1 0.855072 1 0.855072 1 0.855072 1 0.855072 1 0.855072 1 0.855072 1 0.855072 1 0.855072 1 0.855072 1 0.855072 1 0.855072 1 0.855072 1 0.855072 1 0.855072 1 0.855072 1 0.855072 1 0.855072 1 0.855072 1 0.855072 1 0.855072 1 0.855072 1 0.855072 1 0.855072 1 0.855072 1 0.855072 1 0.855072 1 0.855072 1 0.855072 1 0.855072 1 0.855072 1 0.855072 1 0.855072 1 0.855072 1 0.855072 1 0.855072 1 0.855072 1 0.855072 1 0.855072 1 0.855072 1 0.855072 1 0.855072 1 0.855072 1 0.855072 1 0.855072 1 0.855072 1 0.855072 1 0.855072 1 0.855072 1 0.855072 1 0.855072 1 0.855072 1 0.855072 1 0.855072 1 0.855072 1 0.855072 1 0.855072 1 0.855072 1 0.855072 1 0.855072 1 0.855072 1 0.855072 1 0.855072 1 0.855072 1 0.855072 1 0.855072 1 0.855072 1 0.855072 1 0.855072 1 0.855072 1 0.855072 1 0.855072 1 0.855072 1 0.855072 1 0.855072 1 0.855072 1 0.855072 1 0.855072 1 0.855072 1 0.855072 1 
0.855072 0.0243902 0.855072 0.682927 0.855072 0.95122 0.855072 0.97561 0.855072 1 0.855072 1 0.855072 1 0.855072 1 0.855072 1 0.855072 1 0.855072 1 0.855072 1 0.855072 1 0.855072 1 0.855072 1 0.855072 1 0.855072 1 0.855072 1 0.855072 1 0.855072 1 0.855072 1 0.855072 1 0.855072 1 0.855072 1 0.855072 1 0.855072 1 0.855072 1 0.855072 1 0.855072 1 0.855072 1 0.855072 1 0.855072 1 0.855072 1 0.855072 1 0.855072 1 0.855072 1 0.855072 1 0.855072 1 0.855072 1 0.855072 1 0.855072 1 0.855072 1 0.855072 1 0.855072 1 0.855072 1 0.855072 1 0.855072 1 0.855072 1 0.855072 1 0.855072 1 0.855072 1 0.855072 1 0.855072 1 0.855072 1 0.855072 1 0.855072 1 0.855072 1 0.855072 1 0.855072 1 0.855072 1 0.855072 1 0.855072 1 0.855072 1 0.855072 1 0.855072 1 0.855072 1 0.855072 1 0.855072 1 0.855072 1 0.855072 1 0.855072 1 0.855072 1 0.855072 1 0.855072 1 0.855072 1 0.855072 1 0.855072 1 0.855072 1 0.855072 1 0.855072 1 0.855072 1 0.855072 1 0.855072 1 0.855072 1 0.855072 1 0.855072 1 0.855072 1 0.855072 1 0.855072 1 0.855072 1 0.855072 1 0.855072 1 0.855072 1 0.855072 1 0.855072 1 0.855072 1 0.855072 1 0.855072 1 0.855072 1 0.855072 1 
0.855072 0.268293 0.855072 0.780488 0.855072 0.926829 0.855072 0.95122 0.855072 1 0.855072 1 0.855072 1 0.855072 1 0.855072 1 0.855072 1 0.855072 1 0.855072 1 0.855072 1 0.855072 1 0.855072 1 0.855072 1 0.855072 1 0.855072 1 0.855072 1 0.855072 1 0.855072 1 0.855072 1 0.855072 1 0.855072 1 0.855072 1 0.855072 1 0.855072 1 0.855072 1 0.855072 1 0.855072 1 0.855072 1 0.855072 1 0.855072 1 0.855072 1 0.855072 1 0.855072 1 0.855072 1 0.855072 1 0.855072 1 0.855072 1 0.855072 1 0.855072 1 0.855072 1 0.855072 1 0.855072 1 0.855072 1 0.855072 1 0.855072 1 0.855072 1 0.855072 1 0.855072 1 0.855072 1 0.855072 1 0.855072 1 0.855072 1 0.855072 1 0.855072 1 0.855072 1 0.855072 1 0.855072 1 0.855072 1 0.855072 1 0.855072 1 0.855072 1 0.855072 1 0.855072 1 0.855072 1 0.855072 1 0.855072 1 0.855072 1 0.855072 1 0.855072 1 0.855072 1 0.855072 1 0.855072 1 0.855072 1 0.855072 1 0.855072 1 0.855072 1 0.855072 1 0.855072 1 0.855072 1 0.855072 1 0.855072 1 0.855072 1 0.855072 1 0.855072 1 0.855072 1 0.855072 1 0.855072 1 0.855072 1 0.855072 1 0.855072 1 0.855072 1 0.855072 1 0.855072 1 0.855072 1 0.855072 1 0.855072 1 0.855072 1 
0.855072 0.487805 0.855072 0.829268 0.855072 1 0.855072 1 0.855072 1 0.855072 1 0.855072 1 0.855072 1 0.855072 1 0.855072 1 0.855072 1 0.855072 1 0.855072 1 0.855072 1 0.855072 1 0.855072 1 0.855072 1 0.855072 1 0.855072 1 0.855072 1 0.855072 1 0.855072 1 0.855072 1 0.855072 1 0.855072 1 0.855072 1 0.855072 1 0.855072 1 0.855072 1 0.855072 1 0.855072 1 0.855072 1 0.855072 1 0.855072 1 0.855072 1 0.855072 1 0.855072 1 0.855072 1 0.855072 1 0.855072 1 0.855072 1 0.855072 1 0.855072 1 0.855072 1 0.855072 1 0.855072 1 0.855072 1 0.855072 1 0.855072 1 0.855072 1 0.855072 1 0.855072 1 0.855072 1 0.855072 1 0.855072 1 0.855072 1 0.855072 1 0.855072 1 0.855072 1 0.855072 1 0.855072 1 0.855072 1 0.855072 1 0.855072 1 0.855072 1 0.855072 1 0.855072 1 0.855072 1 0.855072 1 0.855072 1 0.855072 1 0.855072 1 0.855072 1 0.855072 1 0.855072 1 0.855072 1 0.855072 1 0.855072 1 0.855072 1 0.855072 1 0.855072 1 0.855072 1 0.855072 1 0.855072 1 0.855072 1 0.855072 1 0.855072 1 0.855072 1 0.855072 1 0.855072 1 0.855072 1 0.855072 1 0.855072 1 0.855072 1 0.855072 1 0.855072 1 0.855072 1 0.855072 1 0.855072 1 0.855072 1 
0.855072 0.731707 0.855072 0.926829 0.855072 0.95122 0.855072 1 0.855072 1 0.855072 1 0.855072 1 0.855072 1 0.855072 1 0.855072 1 0.855072 1 0.855072 1 0.855072 1 0.855072 1 0.855072 1 0.855072 1 0.855072 1 0.855072 1 0.855072 1 0.855072 1 0.855072 1 0.855072 1 0.855072 1 0.855072 1 0.855072 1 0.855072 1 0.855072 1 0.855072 1 0.855072 1 0.855072 1 0.855072 1 0.855072 1 0.855072 1 0.855072 1 0.855072 1 0.855072 1 0.855072 1 0.855072 1 0.855072 1 0.855072 1 0.855072 1 0.855072 1 0.855072 1 0.855072 1 0.855072 1 0.855072 1 0.855072 1 0.855072 1 0.855072 1 0.855072 1 0.855072 1 0.855072 1 0.855072 1 0.855072 1 0.855072 1 0.855072 1 0.855072 1 0.855072 1 0.855072 1 0.855072 1 0.855072 1 0.855072 1 0.855072 1 0.855072 1 0.855072 1 0.855072 1 0.855072 1 0.855072 1 0.855072 1 0.855072 1 0.855072 1 0.855072 1 0.855072 1 0.855072 1 0.855072 1 0.855072 1 0.855072 1 0.855072 1 0.855072 1 0.855072 1 0.855072 1 0.855072 1 0.855072 1 0.855072 1 0.855072 1 0.855072 1 0.855072 1 0.855072 1 0.855072 1 0.855072 1 0.855072 1 0.855072 1 0.855072 1 0.855072 1 0.855072 1 0.855072 1 0.855072 1 0.855072 1 0.855072 1 0.855072 1 
0.855072 1 0.855072 1 0.855072 1 0.855072 1 0.855072 1 0.855072 1 0.855072 1 0.855072 1 0.855072 1 0.855072 1 0.855072 1 0.855072 1 0.855072 1 0.855072 1 0.855072 1 0.855072 1 0.855072 1 0.855072 1 0.855072 1 0.855072 1 0.855072 1 0.855072 1 0.855072 1 0.855072 1 0.855072 1 0.855072 1 0.855072 1 0.855072 1 0.855072 1 0.855072 1 0.855072 1 0.855072 1 0.855072 1 0.855072 1 0.855072 1 0.855072 1 0.855072 1 0.855072 1 0.855072 1 0.855072 1 0.855072 1 0.855072 1 0.855072 1 0.855072 1 0.855072 1 0.855072 1 0.855072 1 0.855072 1 0.855072 1 0.855072 1 0.855072 1 0.855072 1 0.855072 1 0.855072 1 0.855072 1 0.855072 1 0.855072 1 0.855072 1 0.855072 1 0.855072 1 0.855072 1 0.855072 1 0.855072 1 0.855072 1 0.855072 1 0.855072 1 0.855072 1 0.855072 1 0.855072 1 0.855072 1 0.855072 1 0.855072 1 0.855072 1 0.855072 1 0.855072 1 0.855072 1 0.855072 1 0.855072 1 0.855072 1 0.855072 1 0.855072 1 0.855072 1 0.855072 1 0.855072 1 0.855072 1 0.855072 1 0.855072 1 0.855072 1 0.855072 1 0.855072 1 0.855072 1 0.855072 1 0.855072 1 0.855072 1 0.855072 1 0.855072 1 0.855072 1 0.855072 1 0.855072 1 0.855072 1 
