alfa 0.04
b 0.5
N 1000
maxNrIterations 10000
nrData 100
updateAsynch 1
xMin 0
xMax 1
dimX 7
yMin 0
yMax 1
dimY 7
data_begin
0 0 0 0 0 0 0 0 0 0 0 0 0 0 0 0 0 0 0 0 0 0 0 0 0 0 0 0 0 0 0 0 0 0 0 0 0 0 0 0 0 0 0 0 0 0 0 0 0 0 0 0 0 0 0 0 0 0 0 0 0 0 0 0 0 0 0 0 0 0 0 0 0 0 0 0 0 0 0 0 0 0 0 0 0 0 0 0 0 0 0 0 0 0 0 0 0 0 0 0 0 0 0 0 0 0 0 0 0 0 0 0 0 0 0 0 0 0 0 0 0 0 0 0 0 0 0 0 0 0 0 0 0 0 0 0 0 0 0 0 0 0 0 0 0 0 0 0 0 0 0 0 0 0 0 0 0 0 0 0 0 0 0 0 0 0 0 0 0 0 0 0 0 0 0 0 0 0 0 0 0 0 0 0 0 0 0 0 0 0 0 0 0 0 0 0 0 0 0 0 
0 0.16464 0.00153846 0.171084 -0.00153846 0.149229 0 0.141169 0.00307692 0.11639 0.00153846 0.102481 -0.00307692 0.0914965 -0.00153846 0.0805116 0 0.0727972 0.00769231 0.0587728 0.00307692 0.0598304 -0.00153846 0.0491921 -0.00615385 0.0474413 -0.00153846 0.0365719 -0.00461538 0.0334169 -0.00615385 0.03459 -0.00461538 0.0388027 -0.00307692 0.0341279 -0.00153846 0.0384561 -0.00153846 0.0354166 0 0.0338968 -0.00153846 0.0293375 -0.00153846 0.029222 -0.00153846 0.029222 -0.00615385 0.0246627 -0.00615385 0.0246627 -0.00923077 0.0185837 -0.00769231 0.0170639 -0.00923077 0.0155442 -0.0107692 0.0169484 -0.00923077 0.0154286 -0.00769231 0.0139089 -0.00461538 0.0108694 -0.00615385 0.00934962 -0.00769231 0.00479034 -0.00769231 0.00479034 -0.00461538 0.00467481 -0.00461538 0.00467481 -0.00307692 0.00315505 -0.00461538 0.00163529 -0.00461538 0.00163529 -0.00461538 0.00163529 -0.00307692 0.000115537 -0.00307692 0.000115537 -0.00307692 0.000115537 -0.00307692 0.000115537 -0.00307692 0.00303951 -0.00307692 0.00303951 -0.00307692 0.00303951 -0.00307692 0.00303951 -0.00153846 0.00151976 -0.00153846 0.00151976 0 0 0 0 0 0 0 0 0 0 0 0 0 0 0 0 0 0 0 0 0 0 0 0 0 0 0 0 0 0 0 0 0 0 0 0 0 0 0 0 0 0 0 0 0 0 0 0 0 0 0 0 0 0 0 0 0 0 0 0 0 0 0 0 0 0 0 0 0 0 0 0 0 0 0 0 0 0 0 0 0 0 0 0 0 0 0 0 0 0 0 0 0 0 0 0 
0 0.335244 -0.00461538 0.29925 -0.00461538 0.273547 -0.00615385 0.261407 -0.00153846 0.234416 -0.00461538 0.209638 0.0107692 0.181704 0.0230769 0.144652 0.0215385 0.124202 0.0184615 0.120585 0.0153846 0.125855 0.0169231 0.114755 0.02 0.0904389 0.0123077 0.0824935 0.0215385 0.0908032 0.00615385 0.0902256 0.0138462 0.0674292 0.00923077 0.0597149 0.0123077 0.0534048 0.0107692 0.045806 0.0123077 0.0441707 0.0169231 0.0335324 0.0123077 0.0289731 0.0123077 0.0259336 0.00923077 0.0227786 0.00923077 0.028511 0.00615385 0.0313194 0.00153846 0.0267602 0.00307692 0.0251249 0.00307692 0.0220854 0.00307692 0.0190458 0.00769231 0.0144866 0.00769231 0.0144866 0.00769231 0.0144866 0.00615385 0.0188148 0.00461538 0.020219 0.00461538 0.0171795 0.00307692 0.0185837 0.00461538 0.0199879 0.00461538 0.0169484 0.00461538 0.0139089 0.00769231 0.0137933 0.00769231 0.0107538 0.00923077 0.00923408 0.00923077 0.00923408 0.00923077 0.00923408 0.00923077 0.00923408 0.00769231 0.00771432 0.00461538 0.00467481 0.00461538 0.00163529 0.00461538 0.00163529 0.00461538 0.00163529 0.00461538 0.00163529 0.00461538 0.00455927 0.00461538 0.00455927 0.00461538 0.00455927 0.00461538 0.00455927 0.00307692 0.00303951 0.00307692 0.00303951 0.00307692 0.00303951 0.00307692 0.00303951 0.00307692 0.00303951 0.00307692 0.00303951 0.00307692 0.00303951 0.00307692 0.00303951 0.00307692 0.00303951 0.00307692 0.00303951 0.00307692 0.00303951 0.00307692 0.00303951 0.00307692 0.00303951 0.00307692 0.00303951 0.00307692 0.00303951 0.00307692 0.00303951 0.00307692 0.00303951 0.00307692 0.00303951 0.00307692 0.00303951 0.00307692 0.00303951 0.00307692 0.00303951 0.00307692 0.00303951 0.00153846 0.00151976 0.00153846 0.00151976 0.00153846 0.00151976 0.00153846 0.00151976 0.00153846 0.00151976 0.00153846 0.00151976 0.00153846 0.00151976 0.00153846 0.00151976 0.00153846 0.00151976 0.00153846 0.00151976 0.00153846 0.00151976 0.00153846 0.00151976 0.00153846 0.00151976 0.00153846 0.00151976 0.00153846 0.00151976 0.00153846 0.00151976 0.00153846 0.00151976 0 0 0 0 0 0 0 0 
0 0.499529 0.00153846 0.448568 -0.00615385 0.391528 0.00461538 0.334835 -0.0123077 0.323273 -0.0230769 0.284701 -0.0261538 0.259576 -0.0261538 0.24357 -0.0246154 0.226159 -0.0184615 0.201497 -0.00923077 0.188761 -0.00615385 0.170408 -0.00461538 0.141533 -0.00615385 0.142591 -0.00307692 0.13932 0.00153846 0.131259 -0.00615385 0.114542 -0.00923077 0.105192 -0.00769231 0.103326 -0.00153846 0.0909366 -0.0107692 0.0814714 -0.0153846 0.0769121 -0.0123077 0.0677936 -0.00769231 0.0510763 -0.00923077 0.0495565 -0.00615385 0.040438 -0.00307692 0.0373985 -0.00307692 0.0343589 -0.00153846 0.0386871 -0.00461538 0.0355321 -0.00769231 0.0324926 -0.00923077 0.0309728 -0.00923077 0.0279333 -0.00461538 0.0261825 -0.00461538 0.0261825 -0.00461538 0.0289909 -0.00307692 0.0274712 0 0.0213921 -0.00153846 0.0168329 -0.00153846 0.0168329 0.00153846 0.0136778 0 0.0121581 0 0.0121581 0.00153846 0.0106383 0.00153846 0.0106383 0.00153846 0.0106383 0.00307692 0.00911854 0.00307692 0.00911854 0.00307692 0.00911854 0.00307692 0.00911854 0.00307692 0.00911854 0.00461538 0.00759878 0.00461538 0.00759878 0.00461538 0.00455927 0.00461538 0.00455927 0.00461538 0.00455927 0.00461538 0.00455927 0.00461538 0.00455927 0.00461538 0.00455927 0.00461538 0.00455927 0.00461538 0.00455927 0.00461538 0.00455927 0.00461538 0.00455927 0.00461538 0.00455927 0.00461538 0.00455927 0.00461538 0.00455927 0.00461538 0.00455927 0.00307692 0.00303951 0.00307692 0.00303951 0.00307692 0.00303951 0.00307692 0.00303951 0.00307692 0.00303951 0.00307692 0.00303951 0.00307692 0.00303951 0.00153846 0.00151976 0.00153846 0.00151976 0.00153846 0.00151976 0.00153846 0.00151976 0.00153846 0.00151976 0.00153846 0.00151976 0.00153846 0.00151976 0 0 0 0 0 0 0 0 0 0 0 0 0 0 0 0 0 0 0 0 0 0 0 0 0 0 0 0 0 0 0 0 0 0 0 0 0 0 
-0.00153846 0.664756 -0.0123077 0.586902 -0.0215385 0.531728 -0.0123077 0.482518 -0.0169231 0.450026 -0.0276923 0.405606 -0.0184615 0.356743 -0.0169231 0.318633 -0.0123077 0.277369 -0.0107692 0.248147 -0.00153846 0.229448 0.00307692 0.215192 0.00461538 0.18597 -0.00461538 0.167733 0.00153846 0.155113 -0.00153846 0.130797 -0.00615385 0.116888 -0.0107692 0.10625 -0.00923077 0.0986509 -0.0138462 0.087897 -0.00769231 0.0787785 -0.00923077 0.0680247 -0.00615385 0.0619456 -0.0138462 0.0513073 -0.0153846 0.0496721 -0.00923077 0.0434775 -0.00307692 0.0343589 -0.00307692 0.0313194 -0.00307692 0.0312039 0 0.0220854 0 0.0248938 0.00307692 0.0247783 0.00153846 0.020219 0.00153846 0.0171795 0.00153846 0.01414 0 0.0126202 0 0.0125047 0 0.00946515 -0.00153846 0.0079454 0 0.00642564 0 0.00642564 0 0.00642564 0.00153846 0.00186637 0 -0.0026929 0 -0.0026929 0 0.000231074 0 0.00315505 0 0.00315505 0.00153846 0.00163529 0.00153846 0.00163529 0.00153846 0.00163529 0 0.00303951 0 0.00303951 0 0.00303951 0 0.00303951 0 0.00303951 0.00153846 0.00151976 0.00153846 0.00151976 0.00153846 0.00151976 0 0 0 0 0 0 0 0 0 0 0 0 0 0 0 0 0 0 0 0 0 0 0 0 0 0 0 0 0 0 0 0 0 0 0 0 0 0 0 0 0 0 0 0 0 0 0 0 0 0 0 0 0 0 0 0 0 0 0 0 0 0 0 0 0 0 0 0 0 0 0 0 0 0 0 0 0 0 0 0 0 0 
-0.00153846 0.831503 0.0138462 0.752244 0.00923077 0.707593 0.00461538 0.663058 0.0123077 0.609636 0.0246154 0.554693 0.0153846 0.521028 0.00615385 0.472396 0.00923077 0.426687 0.00307692 0.380864 0.0215385 0.350237 0.0138462 0.321362 0.00461538 0.290967 0.00307692 0.26817 0 0.237775 -0.00769231 0.221058 0 0.198262 0 0.182833 -0.00153846 0.168924 -0.0107692 0.153727 -0.00769231 0.141453 -0.00307692 0.127775 0.00153846 0.120176 0.00615385 0.100419 0.00769231 0.0837022 0.0138462 0.0744681 0.0107692 0.0683891 0.00923077 0.0638298 0.00769231 0.056231 0.00615385 0.0486322 0.00923077 0.0364742 0.0107692 0.0319149 0.0107692 0.0319149 0.0107692 0.0288754 0.00769231 0.0258359 0.00769231 0.0227964 0.00769231 0.0227964 0.00615385 0.0212766 0.00615385 0.0212766 0.00461538 0.0197568 0.00307692 0.0182371 0.00307692 0.0182371 0.00307692 0.0151976 0.00461538 0.0136778 0.00307692 0.0121581 0.00153846 0.0106383 0.00307692 0.00911854 0.00307692 0.00911854 0.00307692 0.00911854 0.00461538 0.00759878 0.00461538 0.00455927 0.00461538 0.00455927 0.00461538 0.00455927 0.00461538 0.00455927 0.00461538 0.00455927 0.00461538 0.00455927 0.00461538 0.00455927 0.00307692 0.00303951 0.00307692 0.00303951 0.00307692 0.00303951 0.00307692 0.00303951 0.00153846 0.00151976 0 0 0 0 0 0 0 0 0 0 0 0 0 0 0 0 0 0 0 0 0 0 0 0 0 0 0 0 0 0 0 0 0 0 0 0 0 0 0 0 0 0 0 0 0 0 0 0 0 0 0 0 0 0 0 0 0 0 0 0 0 0 0 0 0 0 0 0 0 0 0 0 0 0 0 0 
0 0.997076 -0.00153846 0.889173 -0.00461538 0.797988 -0.0184615 0.72352 0.00769231 0.655131 0.0261538 0.588261 0.0123077 0.531915 0.0153846 0.486322 0.0169231 0.442249 0.0215385 0.398176 0.00923077 0.352584 0.00923077 0.31307 0.0138462 0.284195 0.02 0.256839 0.00769231 0.241641 0 0.206687 0.00307692 0.18541 0 0.170213 0.00307692 0.151976 0.00153846 0.138298 0 0.12766 -0.00307692 0.118541 -0.00923077 0.109422 -0.00615385 0.0942249 -0.00461538 0.0805471 -0.00461538 0.0744681 -0.00307692 0.0668693 -0.00153846 0.0592705 0.00307692 0.0547112 -0.00153846 0.0471125 0 0.0395137 -0.00153846 0.0349544 0.00307692 0.0273556 0.00153846 0.0258359 -0.00153846 0.0227964 -0.00307692 0.0212766 -0.00615385 0.0182371 -0.00769231 0.0136778 -0.00923077 0.0121581 -0.00923077 0.0121581 -0.00923077 0.0121581 -0.00769231 0.0106383 -0.00769231 0.0106383 -0.00461538 0.00759878 -0.00307692 0.00607903 -0.00307692 0.00607903 -0.00307692 0.00607903 -0.00307692 0.00607903 -0.00307692 0.00607903 -0.00307692 0.00607903 -0.00307692 0.00607903 -0.00307692 0.00607903 -0.00153846 0.00455927 0 0.00303951 0 0.00303951 0 0.00303951 0 0.00303951 0 0.00303951 0 0.00303951 0 0.00303951 0 0.00303951 0 0.00303951 0 0.00303951 0 0.00303951 -0.00153846 0.00151976 -0.00153846 0.00151976 -0.00153846 0.00151976 0 0 0 0 0 0 0 0 0 0 0 0 0 0 0 0 0 0 0 0 0 0 0 0 0 0 0 0 0 0 0 0 0 0 0 0 0 0 0 0 0 0 0 0 0 0 0 0 0 0 0 0 0 0 0 0 0 0 0 0 0 0 0 0 0 0 
0.166154 -0.00253293 0.153846 0.00285288 0.141538 0.00823868 0.127692 0.00918075 0.124615 0.0178371 0.113846 0.0130468 0.0923077 -0.00238184 0.0846154 -0.0012087 0.0738462 -0.00599904 0.0646154 -0.00634565 0.0646154 0.00827423 0.0615385 0.00523472 0.0569231 0.000675447 0.0492308 -0.00107538 0.0461538 0.00758101 0.0446154 0.00898523 0.0415385 0.0117937 0.0369231 0.0101584 0.0338462 0.0129668 0.0338462 0.0129668 0.0323077 0.014371 0.0323077 0.017295 0.0307692 0.0157753 0.0292308 0.0201035 0.0276923 0.0185837 0.0261538 0.0170639 0.0246154 0.0155442 0.0246154 0.0155442 0.0215385 0.0154286 0.02 0.0168329 0.0184615 0.0182371 0.0184615 0.0182371 0.0169231 0.0167173 0.0153846 0.0151976 0.0153846 0.0151976 0.0138462 0.0136778 0.0138462 0.0136778 0.0138462 0.0136778 0.0107692 0.0106383 0.00769231 0.00759878 0.00769231 0.00759878 0.00769231 0.00759878 0.00769231 0.00759878 0.00769231 0.00759878 0.00769231 0.00759878 0.00769231 0.00759878 0.00615385 0.00607903 0.00461538 0.00455927 0.00307692 0.00303951 0.00307692 0.00303951 0.00307692 0.00303951 0.00307692 0.00303951 0.00307692 0.00303951 0.00153846 0.00151976 0.00153846 0.00151976 0.00153846 0.00151976 0.00153846 0.00151976 0.00153846 0.00151976 0.00153846 0.00151976 0.00153846 0.00151976 0.00153846 0.00151976 0.00153846 0.00151976 0.00153846 0.00151976 0.00153846 0.00151976 0 0 0 0 0 0 0 0 0 0 0 0 0 0 0 0 0 0 0 0 0 0 0 0 0 0 0 0 0 0 0 0 0 0 0 0 0 0 0 0 0 0 0 0 0 0 0 0 0 0 0 0 0 0 0 0 0 0 0 0 0 0 0 0 0 0 0 0 0 0 0 0 
0.166154 0.164249 0.149231 0.147532 0.135385 0.133854 0.12 0.118657 0.115385 0.114097 0.107692 0.106499 0.0984615 0.0943405 0.0861538 0.0821824 0.0830769 0.0791429 0.0784615 0.0775076 0.0753846 0.0744681 0.0707692 0.0699088 0.0676923 0.0668693 0.0646154 0.0638298 0.0569231 0.056231 0.0476923 0.0471125 0.0446154 0.0440729 0.0430769 0.0425532 0.0415385 0.0410334 0.0353846 0.0349544 0.0353846 0.0349544 0.0353846 0.0349544 0.0323077 0.0319149 0.0307692 0.0303951 0.0276923 0.0273556 0.0261538 0.0258359 0.0246154 0.0243161 0.0230769 0.0227964 0.0184615 0.0182371 0.0169231 0.0167173 0.0123077 0.0121581 0.0123077 0.0121581 0.00923077 0.00911854 0.00923077 0.00911854 0.00769231 0.00759878 0.00769231 0.00759878 0.00769231 0.00759878 0.00769231 0.00759878 0.00769231 0.00759878 0.00615385 0.00607903 0.00615385 0.00607903 0.00615385 0.00607903 0.00461538 0.00455927 0.00307692 0.00303951 0.00307692 0.00303951 0.00307692 0.00303951 0.00307692 0.00303951 0.00153846 0.00151976 0.00153846 0.00151976 0.00153846 0.00151976 0.00153846 0.00151976 0.00153846 0.00151976 0.00153846 0.00151976 0.00153846 0.00151976 0.00153846 0.00151976 0.00153846 0.00151976 0.00153846 0.00151976 0.00153846 0.00151976 0.00153846 0.00151976 0.00153846 0.00151976 0.00153846 0.00151976 0.00153846 0.00151976 0.00153846 0.00151976 0.00153846 0.00151976 0.00153846 0.00151976 0.00153846 0.00151976 0.00153846 0.00151976 0.00153846 0.00151976 0.00153846 0.00151976 0.00153846 0.00151976 0.00153846 0.00151976 0.00153846 0.00151976 0.00153846 0.00151976 0.00153846 0.00151976 0.00153846 0.00151976 0.00153846 0.00151976 0.00153846 0.00151976 0.00153846 0.00151976 0.00153846 0.00151976 0.00153846 0.00151976 0.00153846 0.00151976 0.00153846 0.00151976 0.00153846 0.00151976 0.00153846 0.00151976 0.00153846 0.00151976 0.00153846 0.00151976 0.00153846 0.00151976 0.00153846 0.00151976 0 0 0 0 0 0 0 0 0 0 0 0 0 0 0 0 0 0 0 0 0 0 0 0 
0.166154 0.331929 0.169231 0.315807 0.166154 0.284488 0.147692 0.268713 0.121538 0.248263 0.115385 0.2236 0.103077 0.192974 0.0892308 0.172755 0.0692308 0.149843 0.06 0.125411 0.06 0.136876 0.0584615 0.126122 0.06 0.112329 0.0553846 0.113502 0.0492308 0.101344 0.0430769 0.0890702 0.0338462 0.0769121 0.0292308 0.0693134 0.0230769 0.0601948 0.0184615 0.0554045 0.0138462 0.0507297 0.0169231 0.0445351 0.0123077 0.0399758 0.0169231 0.0354166 0.02 0.0322615 0.02 0.032146 0.02 0.032146 0.0215385 0.0335502 0.02 0.0320304 0.02 0.0259514 0.0184615 0.0273556 0.0153846 0.0243161 0.0107692 0.0167173 0.0107692 0.0167173 0.00769231 0.0136778 0.00615385 0.0121581 0.00461538 0.0106383 0.00461538 0.0106383 0.00153846 0.00759878 0 0.00607903 -0.00153846 0.00455927 -0.00307692 0.00303951 -0.00307692 0.00303951 -0.00307692 0.00303951 -0.00307692 0.00303951 -0.00307692 0.00303951 -0.00307692 0.00303951 -0.00307692 0.00303951 -0.00307692 0.00303951 -0.00153846 0.00151976 -0.00153846 0.00151976 -0.00153846 0.00151976 -0.00153846 0.00151976 -0.00153846 0.00151976 -0.00153846 0.00151976 -0.00153846 0.00151976 -0.00153846 0.00151976 -0.00153846 0.00151976 -0.00153846 0.00151976 -0.00153846 0.00151976 -0.00153846 0.00151976 0 0 0 0 0 0 0 0 0 0 0 0 0 0 0 0 0 0 0 0 0 0 0 0 0 0 0 0 0 0 0 0 0 0 0 0 0 0 0 0 0 0 0 0 0 0 0 0 0 0 0 0 0 0 0 0 0 0 0 0 0 0 0 0 0 0 0 0 0 0 0 0 0 0 0 0 0 0 
0.166154 0.499529 0.152308 0.439565 0.14 0.402398 0.133846 0.367923 0.118462 0.327832 0.106154 0.29382 0.0984615 0.269983 0.0907692 0.243685 0.0876923 0.209789 0.0723077 0.185126 0.0738462 0.180105 0.0661538 0.16912 0.0615385 0.164098 0.0584615 0.14867 0.0615385 0.136165 0.0507692 0.119332 0.0523077 0.114426 0.0446154 0.0977088 0.0369231 0.10169 0.0307692 0.0804138 0.0307692 0.0742192 0.0307692 0.0769121 0.0323077 0.0691978 0.0353846 0.0630033 0.0323077 0.0658117 0.0307692 0.0582129 0.0307692 0.0551734 0.0292308 0.0475746 0.0276923 0.0430153 0.0276923 0.0369363 0.0261538 0.0354166 0.0246154 0.0368208 0.0230769 0.0322615 0.0184615 0.0335502 0.0138462 0.0289909 0.0153846 0.0303951 0.0153846 0.0303951 0.0138462 0.0288754 0.0123077 0.0273556 0.0169231 0.0227964 0.0138462 0.0197568 0.0153846 0.0182371 0.0123077 0.0151976 0.0138462 0.0136778 0.0138462 0.0136778 0.0138462 0.0136778 0.0138462 0.0136778 0.0138462 0.0136778 0.0138462 0.0136778 0.0107692 0.0106383 0.0107692 0.0106383 0.0107692 0.0106383 0.00615385 0.00607903 0.00461538 0.00455927 0.00307692 0.00303951 0.00307692 0.00303951 0.00307692 0.00303951 0.00307692 0.00303951 0.00153846 0.00151976 0.00153846 0.00151976 0.00153846 0.00151976 0.00153846 0.00151976 0 0 0 0 0 0 0 0 0 0 0 0 0 0 0 0 0 0 0 0 0 0 0 0 0 0 0 0 0 0 0 0 0 0 0 0 0 0 0 0 0 0 0 0 0 0 0 0 0 0 0 0 0 0 0 0 0 0 0 0 0 0 0 0 0 0 0 0 0 0 0 0 0 0 0 0 
0.166154 0.666276 0.130769 0.606196 0.104615 0.546348 0.0969231 0.495618 0.0923077 0.46301 0.0846154 0.42163 0.0815385 0.381886 0.0769231 0.34974 0.0738462 0.315958 0.0538462 0.274694 0.0461538 0.25459 0.0461538 0.230159 0.0430769 0.21473 0.0369231 0.202341 0.0323077 0.17639 0.0369231 0.156633 0.0323077 0.142608 0.0338462 0.134778 0.0261538 0.117946 0.0261538 0.111867 0.0215385 0.110231 0.0169231 0.0965534 0.0169231 0.0902433 0.02 0.0870883 0.0230769 0.0839332 0.0246154 0.0731794 0.0246154 0.0640609 0.02 0.050383 0.0246154 0.0458238 0.0230769 0.0441885 0.0230769 0.041149 0.0153846 0.0335502 0.0153846 0.0305107 0.0169231 0.0319149 0.0138462 0.0258359 0.0138462 0.0258359 0.00923077 0.0212766 0.00769231 0.0197568 0.00461538 0.0167173 0.00615385 0.0151976 0.00307692 0.0121581 0.00615385 0.00911854 0.00307692 0.00607903 0.00307692 0.00607903 0.00307692 0.00607903 0.00307692 0.00607903 0.00307692 0.00607903 0.00153846 0.00455927 0.00153846 0.00455927 0 0.00303951 0 0.00303951 0 0.00303951 0 0.00303951 0 0.00303951 0 0.00303951 0.00153846 0.00151976 0.00153846 0.00151976 0.00153846 0.00151976 0.00153846 0.00151976 0.00153846 0.00151976 0.00153846 0.00151976 0.00153846 0.00151976 0.00153846 0.00151976 0 0 0 0 0 0 0 0 0 0 0 0 0 0 0 0 0 0 0 0 0 0 0 0 0 0 0 0 0 0 0 0 0 0 0 0 0 0 0 0 0 0 0 0 0 0 0 0 0 0 0 0 0 0 0 0 0 0 0 0 0 0 0 0 0 0 0 0 0 0 0 0 0 0 
0.163077 0.829983 0.147692 0.747916 0.133846 0.667022 0.12 0.604019 0.113846 0.546153 0.1 0.492846 0.0907692 0.440827 0.0953846 0.399678 0.0907692 0.364493 0.0876923 0.330943 0.0753846 0.300432 0.0738462 0.274365 0.0723077 0.251569 0.0569231 0.215094 0.0584615 0.201301 0.0476923 0.184468 0.04 0.164596 0.0276923 0.149283 0.0230769 0.135489 0.02 0.126255 0.02 0.117137 0.0138462 0.108018 0.00769231 0.0988997 0.00923077 0.0943405 0.00461538 0.0867417 0.00769231 0.0806626 0.0107692 0.0715441 0.00923077 0.0669848 0.00461538 0.06231 0.00461538 0.0592705 0 0.0547112 0 0.0516717 0.00153846 0.0471125 0.00461538 0.0379939 0.00615385 0.0364742 0.00153846 0.0319149 0.00615385 0.0273556 0.00153846 0.0227964 0.00153846 0.0197568 0 0.0151976 -0.00307692 0.0121581 -0.00307692 0.0121581 -0.00307692 0.00911854 -0.00307692 0.00911854 -0.00307692 0.00911854 -0.00307692 0.00911854 -0.00153846 0.00759878 -0.00153846 0.00759878 -0.00153846 0.00759878 0 0.00607903 0 0.00607903 0 0.00607903 0 0.00607903 0 0.00607903 0 0.00607903 0 0.00607903 0 0.00607903 0 0.00607903 -0.00153846 0.00455927 -0.00153846 0.00455927 0 0.00303951 0 0.00303951 0 0.00303951 -0.00153846 0.00151976 -0.00153846 0.00151976 -0.00153846 0.00151976 -0.00153846 0.00151976 -0.00153846 0.00151976 -0.00153846 0.00151976 -0.00153846 0.00151976 -0.00153846 0.00151976 -0.00153846 0.00151976 -0.00153846 0.00151976 -0.00153846 0.00151976 -0.00153846 0.00151976 0 0 0 0 0 0 0 0 0 0 0 0 0 0 0 0 0 0 0 0 0 0 0 0 0 0 0 0 0 0 0 0 0 0 0 0 0 0 0 0 0 0 0 0 0 0 0 0 0 0 
0.164615 0.995556 0.16 0.902851 0.144615 0.826863 0.149231 0.752395 0.138462 0.677812 0.133846 0.609422 0.135385 0.550152 0.124615 0.5 0.101538 0.455927 0.0815385 0.408815 0.0907692 0.354103 0.0907692 0.326748 0.0907692 0.302432 0.08 0.267477 0.0769231 0.246201 0.06 0.211246 0.0446154 0.180851 0.04 0.161094 0.0384615 0.147416 0.0353846 0.138298 0.0323077 0.132219 0.0338462 0.121581 0.0323077 0.101824 0.0323077 0.0957447 0.0323077 0.0866261 0.0246154 0.0699088 0.0215385 0.0668693 0.0215385 0.0638298 0.02 0.056231 0.0153846 0.0486322 0.0138462 0.0440729 0.0123077 0.0425532 0.0123077 0.0364742 0.0123077 0.0334347 0.0123077 0.0334347 0.0123077 0.0334347 0.00923077 0.0303951 0.00923077 0.0273556 0.00769231 0.0258359 0.0107692 0.0227964 0.0123077 0.0182371 0.0107692 0.0167173 0.0107692 0.0167173 0.0107692 0.0167173 0.0107692 0.0136778 0.00923077 0.0121581 0.00923077 0.0121581 0.0107692 0.0106383 0.0107692 0.0106383 0.00923077 0.00911854 0.00923077 0.00911854 0.00923077 0.00911854 0.00923077 0.00911854 0.00923077 0.00911854 0.00923077 0.00911854 0.00923077 0.00911854 0.00769231 0.00759878 0.00769231 0.00759878 0.00615385 0.00607903 0.00615385 0.00607903 0.00461538 0.00455927 0.00307692 0.00303951 0.00307692 0.00303951 0.00307692 0.00303951 0.00307692 0.00303951 0.00307692 0.00303951 0.00307692 0.00303951 0.00307692 0.00303951 0.00307692 0.00303951 0.00307692 0.00303951 0.00153846 0.00151976 0.00153846 0.00151976 0.00153846 0.00151976 0.00153846 0.00151976 0.00153846 0.00151976 0.00153846 0.00151976 0.00153846 0.00151976 0.00153846 0.00151976 0.00153846 0.00151976 0.00153846 0.00151976 0.00153846 0.00151976 0.00153846 0.00151976 0.00153846 0.00151976 0.00153846 0.00151976 0.00153846 0.00151976 0.00153846 0.00151976 0 0 0 0 0 0 0 0 0 0 0 0 0 0 0 0 0 0 0 0 0 0 0 0 0 0 0 0 
0.330769 -0.00366164 0.3 0.00395492 0.28 0.0105139 0.263077 0.0435042 0.241538 0.0514673 0.223077 0.0566221 0.201538 0.0645852 0.183077 0.060968 0.166154 0.0588706 0.152308 0.0539647 0.138462 0.0461348 0.118462 0.032226 0.110769 0.0304751 0.0984615 0.024165 0.0907692 0.0194902 0.0830769 0.0148154 0.0784615 0.0102561 0.0723077 0.012949 0.0661538 0.012718 0.0630769 0.0126024 0.0538462 0.00933184 0.0492308 0.0135445 0.0446154 0.0119092 0.04 0.00734994 0.0338462 0.00419488 0.0338462 0.00419488 0.0323077 0.00267513 0.0230769 -0.00351944 0.02 -0.00363497 0.0169231 0.00209744 0.0169231 0.00502142 0.0169231 0.00502142 0.0169231 0.00502142 0.0153846 0.00642564 0.0153846 0.00642564 0.0138462 0.00782986 0.0123077 0.00923408 0.0123077 0.00923408 0.00923077 0.00619456 0.00923077 0.00619456 0.00923077 0.00911854 0.00923077 0.00911854 0.00923077 0.00911854 0.00923077 0.00911854 0.00769231 0.00759878 0.00461538 0.00455927 0.00461538 0.00455927 0.00461538 0.00455927 0.00461538 0.00455927 0.00461538 0.00455927 0.00461538 0.00455927 0.00461538 0.00455927 0.00461538 0.00455927 0.00461538 0.00455927 0.00461538 0.00455927 0.00307692 0.00303951 0.00307692 0.00303951 0.00307692 0.00303951 0.00307692 0.00303951 0.00307692 0.00303951 0 0 0 0 0 0 0 0 0 0 0 0 0 0 0 0 0 0 0 0 0 0 0 0 0 0 0 0 0 0 0 0 0 0 0 0 0 0 0 0 0 0 0 0 0 0 0 0 0 0 0 0 0 0 0 0 0 0 0 0 0 0 0 0 0 0 0 0 0 0 0 0 0 0 0 0 0 0 0 0 
0.332308 0.164525 0.303077 0.147345 0.286154 0.148172 0.267692 0.138707 0.244615 0.127606 0.218462 0.122238 0.193846 0.109618 0.178462 0.103192 0.158462 0.0922075 0.135385 0.078183 0.124615 0.0675447 0.112308 0.0641586 0.0984615 0.0504808 0.0892308 0.0442862 0.0723077 0.0304929 0.0630769 0.0301463 0.06 0.0271068 0.06 0.0271068 0.0569231 0.0240673 0.0553846 0.0225475 0.0523077 0.022432 0.0507692 0.0209122 0.0461538 0.0163529 0.0430769 0.0162374 0.0384615 0.0146021 0.0338462 0.0129668 0.0338462 0.0188148 0.0276923 0.0127357 0.0276923 0.0127357 0.0246154 0.00969623 0.0246154 0.0126202 0.0230769 0.0111004 0.02 0.00806093 0.0138462 0.00198191 0.0138462 0.00198191 0.0107692 -0.00105761 0.00923077 0.00327059 0.00769231 0.00175083 0.00769231 0.00175083 0.00769231 0.00175083 0.00769231 0.00175083 0.00769231 0.00175083 0.00769231 0.00467481 0.00769231 0.00467481 0.00769231 0.00467481 0.00615385 0.00315505 0.00615385 0.00315505 0.00615385 0.00315505 0.00615385 0.00315505 0.00615385 0.00315505 0.00461538 0.00163529 0.00307692 0.000115537 0.00153846 -0.00140422 0.00153846 -0.00140422 0.00153846 0.00151976 0.00153846 0.00151976 0.00153846 0.00151976 0.00153846 0.00151976 0.00153846 0.00151976 0.00153846 0.00151976 0.00153846 0.00151976 0.00153846 0.00151976 0.00153846 0.00151976 0.00153846 0.00151976 0.00153846 0.00151976 0.00153846 0.00151976 0.00153846 0.00151976 0.00153846 0.00151976 0.00153846 0.00151976 0.00153846 0.00151976 0.00153846 0.00151976 0.00153846 0.00151976 0.00153846 0.00151976 0.00153846 0.00151976 0.00153846 0.00151976 0 0 0 0 0 0 0 0 0 0 0 0 0 0 0 0 0 0 0 0 0 0 0 0 0 0 0 0 0 0 0 0 0 0 0 0 0 0 0 0 0 0 0 0 0 0 0 0 0 0 
0.332308 0.331538 0.293846 0.296468 0.267692 0.270632 0.249231 0.255319 0.218462 0.224924 0.190769 0.197568 0.170769 0.177812 0.152308 0.159574 0.126154 0.133739 0.109231 0.113982 0.103077 0.107903 0.0907692 0.0957447 0.0815385 0.0835866 0.0753846 0.0775076 0.0707692 0.0729483 0.06 0.06231 0.0523077 0.0547112 0.0507692 0.050152 0.0492308 0.0486322 0.0446154 0.0440729 0.0446154 0.0440729 0.0384615 0.0379939 0.0369231 0.0364742 0.0338462 0.0334347 0.0323077 0.0319149 0.0323077 0.0319149 0.0276923 0.0273556 0.0230769 0.0227964 0.0230769 0.0227964 0.0215385 0.0212766 0.0215385 0.0212766 0.0184615 0.0182371 0.0184615 0.0182371 0.0169231 0.0167173 0.0169231 0.0167173 0.0153846 0.0151976 0.0138462 0.0136778 0.0138462 0.0136778 0.0123077 0.0121581 0.00769231 0.00759878 0.00769231 0.00759878 0.00769231 0.00759878 0.00615385 0.00607903 0.00461538 0.00455927 0.00461538 0.00455927 0.00461538 0.00455927 0.00307692 0.00303951 0.00307692 0.00303951 0.00307692 0.00303951 0.00307692 0.00303951 0.00307692 0.00303951 0.00307692 0.00303951 0.00153846 0.00151976 0.00153846 0.00151976 0.00153846 0.00151976 0.00153846 0.00151976 0.00153846 0.00151976 0.00153846 0.00151976 0.00153846 0.00151976 0.00153846 0.00151976 0.00153846 0.00151976 0.00153846 0.00151976 0.00153846 0.00151976 0.00153846 0.00151976 0.00153846 0.00151976 0.00153846 0.00151976 0.00153846 0.00151976 0 0 0 0 0 0 0 0 0 0 0 0 0 0 0 0 0 0 0 0 0 0 0 0 0 0 0 0 0 0 0 0 0 0 0 0 0 0 0 0 0 0 0 0 0 0 0 0 0 0 0 0 0 0 0 0 0 0 0 0 0 0 0 0 0 0 
0.330769 0.497583 0.324615 0.460531 0.321538 0.423594 0.3 0.404549 0.296923 0.385849 0.281538 0.361302 0.269231 0.348682 0.247692 0.333138 0.230769 0.313034 0.215385 0.282639 0.206154 0.266864 0.189231 0.249916 0.16 0.223849 0.147692 0.199533 0.129231 0.175216 0.118462 0.155344 0.1 0.134067 0.0969231 0.127642 0.0846154 0.109289 0.0830769 0.104499 0.0784615 0.0967845 0.0738462 0.0951492 0.0707692 0.0919942 0.0615385 0.0798361 0.0553846 0.0766811 0.0446154 0.0718907 0.0430769 0.0673314 0.0338462 0.0551734 0.0323077 0.0475746 0.0338462 0.0430153 0.0323077 0.0384561 0.0338462 0.0398603 0.0338462 0.0427843 0.0323077 0.038225 0.0230769 0.0291065 0.0184615 0.0245472 0.0184615 0.0245472 0.0153846 0.0215077 0.0138462 0.0199879 0.00923077 0.0154286 0.0107692 0.0108694 0.0107692 0.0108694 0.00923077 0.00934962 0.00769231 0.0107538 0.00615385 0.00923408 0.00461538 0.00771432 0.00461538 0.00771432 0.00461538 0.00771432 0.00461538 0.00771432 0.00307692 0.00619456 0.00307692 0.00619456 0.00307692 0.00619456 0.00307692 0.00911854 0.00461538 0.00759878 0.00461538 0.00759878 0.00461538 0.00759878 0.00461538 0.00759878 0.00461538 0.00759878 0.00461538 0.00759878 0.00307692 0.00607903 0.00307692 0.00607903 0.00307692 0.00607903 0.00307692 0.00607903 0.00307692 0.00607903 0.00153846 0.00455927 0.00153846 0.00455927 0.00153846 0.00455927 0.00153846 0.00455927 0.00153846 0.00455927 0.00153846 0.00455927 0.00153846 0.00455927 0 0.00303951 -0.00153846 0.00151976 -0.00153846 0.00151976 -0.00153846 0.00151976 -0.00153846 0.00151976 -0.00153846 0.00151976 0 0 0 0 0 0 0 0 0 0 0 0 0 0 0 0 0 0 0 0 0 0 0 0 0 0 0 0 0 0 0 0 0 0 0 0 0 0 0 0 0 0 0 0 0 0 
0.332308 0.6692 0.318462 0.618585 0.292308 0.571011 0.264615 0.52788 0.247692 0.494925 0.230769 0.441503 0.206154 0.40749 0.181538 0.382712 0.169231 0.357934 0.149231 0.316785 0.133846 0.295162 0.109231 0.273654 0.103077 0.249338 0.0923077 0.238469 0.0923077 0.211113 0.0876923 0.188317 0.0630769 0.157921 0.0569231 0.142608 0.0507692 0.133374 0.0538462 0.12087 0.0492308 0.107192 0.04 0.0950337 0.0338462 0.0888391 0.0369231 0.0887236 0.0307692 0.0824135 0.0276923 0.079374 0.0261538 0.0778542 0.0261538 0.0748147 0.0230769 0.0626566 0.0184615 0.0550579 0.0153846 0.0489788 0.0107692 0.044304 0.00923077 0.0397448 0.00769231 0.0351855 0.00769231 0.0351855 0.0107692 0.0350699 0.0123077 0.0334347 0.0107692 0.0319149 0.0123077 0.0273556 0.00615385 0.0182371 0.00769231 0.0167173 0.00615385 0.0151976 0.00461538 0.0136778 0.00307692 0.0121581 0.00307692 0.0121581 0.00153846 0.0106383 0.00153846 0.0106383 0.00153846 0.0106383 0.00153846 0.0106383 0.00153846 0.00759878 0 0.00607903 0.00153846 0.00455927 0 0.00303951 0 0.00303951 0 0.00303951 0.00153846 0.00151976 0.00153846 0.00151976 0.00153846 0.00151976 0.00153846 0.00151976 0.00153846 0.00151976 0 0 0 0 0 0 0 0 0 0 0 0 0 0 0 0 0 0 0 0 0 0 0 0 0 0 0 0 0 0 0 0 0 0 0 0 0 0 0 0 0 0 0 0 0 0 0 0 0 0 0 0 0 0 0 0 0 0 0 0 0 0 0 0 0 0 0 0 0 0 0 0 0 0 0 0 0 0 0 0 
0.330769 0.831503 0.276923 0.753764 0.252308 0.680816 0.24 0.628682 0.215385 0.573624 0.207692 0.523356 0.186154 0.468529 0.156923 0.42411 0.141538 0.39056 0.135385 0.341812 0.118462 0.312706 0.101538 0.277751 0.0815385 0.251915 0.0630769 0.218365 0.0507692 0.184815 0.0430769 0.168098 0.0415385 0.160268 0.0369231 0.152669 0.0261538 0.135721 0.0261538 0.129526 0.0246154 0.118888 0.0246154 0.106614 0.0246154 0.100535 0.02 0.0929362 0.0138462 0.0868572 0.0123077 0.0852219 0.00615385 0.0790274 0.00615385 0.0729483 0.00153846 0.0683891 0.00461538 0.06231 0.00307692 0.0577508 0.00461538 0.056231 0.00461538 0.0531915 0.00153846 0.0440729 -0.00153846 0.0410334 0.00153846 0.0349544 0 0.0334347 0.00153846 0.0288754 0.00461538 0.0258359 0.00307692 0.0212766 0.00307692 0.0182371 0.00307692 0.0151976 0.00307692 0.0151976 0 0.0121581 0 0.0121581 0 0.0121581 -0.00307692 0.00911854 -0.00307692 0.00911854 -0.00153846 0.00759878 -0.00307692 0.00607903 -0.00307692 0.00607903 -0.00307692 0.00607903 -0.00307692 0.00607903 0 0.00303951 0 0.00303951 0 0.00303951 0.00153846 0.00151976 0.00153846 0.00151976 0.00153846 0.00151976 0 0 0 0 0 0 0 0 0 0 0 0 0 0 0 0 0 0 0 0 0 0 0 0 0 0 0 0 0 0 0 0 0 0 0 0 0 0 0 0 0 0 0 0 0 0 0 0 0 0 0 0 0 0 0 0 0 0 0 0 0 0 0 0 0 0 0 0 0 0 0 0 0 0 0 0 0 0 0 0 0 0 
0.330769 0.995556 0.310769 0.924128 0.298462 0.866377 0.284615 0.794948 0.253846 0.734158 0.247692 0.673368 0.213846 0.606499 0.189231 0.548748 0.169231 0.495556 0.153846 0.459082 0.126154 0.413489 0.107692 0.373976 0.0907692 0.332942 0.0815385 0.308626 0.0723077 0.28431 0.0661538 0.253915 0.0615385 0.237198 0.0538462 0.22048 0.0492308 0.203763 0.0353846 0.177927 0.0323077 0.165653 0.0246154 0.155015 0.0276923 0.142857 0.0276923 0.130699 0.0215385 0.112462 0.0184615 0.0972644 0.0169231 0.0896657 0.0138462 0.0866261 0.0138462 0.0775076 0.00615385 0.0668693 0.00615385 0.0547112 0.00769231 0.050152 0.00461538 0.0410334 0.00461538 0.0379939 0.00153846 0.0349544 0.00153846 0.0319149 0.00307692 0.0273556 0.00615385 0.0212766 0.00615385 0.0212766 0.00769231 0.0197568 0.00769231 0.0197568 0.00769231 0.0197568 0.00769231 0.0197568 0.00615385 0.0182371 0.00769231 0.0167173 0.00769231 0.0167173 0.00615385 0.0151976 0.00769231 0.0136778 0.00615385 0.0121581 0.00307692 0.00911854 0.00307692 0.00911854 0.00307692 0.00607903 0.00461538 0.00455927 0.00461538 0.00455927 0.00461538 0.00455927 0.00461538 0.00455927 0.00461538 0.00455927 0.00461538 0.00455927 0.00461538 0.00455927 0.00461538 0.00455927 0.00307692 0.00303951 0.00307692 0.00303951 0.00307692 0.00303951 0.00307692 0.00303951 0.00307692 0.00303951 0.00153846 0.00151976 0.00153846 0.00151976 0.00153846 0.00151976 0.00153846 0.00151976 0.00153846 0.00151976 0.00153846 0.00151976 0.00153846 0.00151976 0.00153846 0.00151976 0.00153846 0.00151976 0.00153846 0.00151976 0.00153846 0.00151976 0.00153846 0.00151976 0.00153846 0.00151976 0.00153846 0.00151976 0.00153846 0.00151976 0.00153846 0.00151976 0 0 0 0 0 0 0 0 0 0 0 0 0 0 0 0 0 0 0 0 0 0 0 0 0 0 0 0 0 0 0 0 0 0 0 0 0 0 
0.5 -0.000231074 0.509231 0.0585951 0.510769 0.106898 0.521538 0.146777 0.526154 0.189347 0.529231 0.204083 0.532308 0.233438 0.535385 0.256946 0.541538 0.295188 0.541538 0.301036 0.541538 0.327352 0.549231 0.352495 0.552308 0.378926 0.56 0.383601 0.570769 0.405935 0.578462 0.422306 0.589231 0.432944 0.587692 0.437272 0.593846 0.446275 0.601538 0.456798 0.612308 0.464512 0.62 0.483807 0.626154 0.484038 0.629231 0.475382 0.636923 0.477133 0.636923 0.459589 0.636923 0.439121 0.644615 0.443796 0.649231 0.436775 0.652308 0.433966 0.652308 0.425194 0.653846 0.417942 0.653846 0.412094 0.650769 0.400398 0.650769 0.385778 0.653846 0.377237 0.650769 0.371389 0.650769 0.365542 0.652308 0.355365 0.652308 0.355365 0.650769 0.353961 0.647692 0.345074 0.649231 0.346709 0.652308 0.343901 0.650769 0.339572 0.650769 0.333724 0.650769 0.324952 0.652308 0.323548 0.647692 0.318989 0.647692 0.318989 0.641538 0.307062 0.643077 0.302734 0.647692 0.301445 0.647692 0.298521 0.646154 0.294077 0.647692 0.292673 0.646154 0.285305 0.641538 0.277938 0.636923 0.270455 0.638462 0.269166 0.635385 0.25443 0.633846 0.249987 0.630769 0.246947 0.626154 0.242619 0.627692 0.238291 0.626154 0.239695 0.627692 0.235367 0.626154 0.230923 0.623077 0.227884 0.618462 0.217476 0.616923 0.210109 0.613846 0.210109 0.612308 0.211628 0.612308 0.208704 0.613846 0.2073 0.613846 0.201452 0.612308 0.20578 0.612308 0.20882 0.613846 0.204492 0.612308 0.202972 0.612308 0.202972 0.609231 0.202972 0.607692 0.201452 0.606154 0.199932 0.606154 0.199932 0.606154 0.197008 0.603077 0.191045 0.601538 0.192449 0.6 0.193969 0.6 0.193969 0.601538 0.192565 0.6 0.188121 0.593846 0.182158 0.590769 0.179118 0.590769 0.176194 0.590769 0.176194 0.589231 0.171866 0.587692 0.170346 0.584615 0.167422 0.584615 0.167422 
0.5 0.166436 0.507692 0.203274 0.509231 0.228186 0.506154 0.236842 0.523077 0.274027 0.533846 0.310981 0.544615 0.339164 0.546154 0.361151 0.553846 0.377522 0.558462 0.387929 0.566154 0.410148 0.572308 0.422075 0.578462 0.434002 0.586154 0.438676 0.587692 0.448968 0.595385 0.456567 0.603077 0.464166 0.607692 0.468725 0.624615 0.485442 0.633846 0.479941 0.638462 0.478652 0.647692 0.487771 0.658462 0.492561 0.664615 0.504488 0.673846 0.507759 0.683077 0.516877 0.689231 0.514184 0.687692 0.509741 0.687692 0.503893 0.692308 0.502604 0.695385 0.493948 0.695385 0.496872 0.695385 0.485176 0.696923 0.483771 0.7 0.486811 0.704615 0.488446 0.713846 0.494641 0.716923 0.488908 0.718462 0.487504 0.718462 0.487504 0.718462 0.478732 0.723077 0.483292 0.724615 0.481887 0.727692 0.473231 0.730769 0.47627 0.733846 0.470538 0.733846 0.476502 0.738462 0.478137 0.738462 0.475213 0.735385 0.466325 0.735385 0.466325 0.736923 0.464921 0.74 0.467961 0.743077 0.471 0.74 0.467961 0.738462 0.463517 0.736923 0.459073 0.736923 0.459073 0.74 0.465037 0.74 0.465037 0.74 0.462113 0.74 0.465037 0.738462 0.460593 0.738462 0.457669 0.738462 0.448897 0.738462 0.443049 0.738462 0.431353 0.735385 0.42539 0.735385 0.422466 0.738462 0.425505 0.736923 0.423985 0.736923 0.421062 0.738462 0.422581 0.738462 0.422581 0.736923 0.418138 0.736923 0.418138 0.733846 0.415098 0.732308 0.416618 0.733846 0.418138 0.735385 0.419657 0.736923 0.421177 0.736923 0.418253 0.736923 0.418253 0.738462 0.419773 0.74 0.415445 0.74 0.412521 0.74 0.415445 0.741538 0.416964 0.741538 0.416964 0.743077 0.418484 0.743077 0.421408 0.743077 0.421408 0.744615 0.420004 0.746154 0.421524 0.747692 0.425967 0.747692 0.423043 0.749231 0.424563 0.749231 0.424563 0.749231 0.424563 0.749231 0.424563 
0.501538 0.334622 0.503077 0.336142 0.501538 0.346318 0.503077 0.362458 0.504615 0.369825 0.504615 0.378597 0.510769 0.3876 0.510769 0.396372 0.524615 0.415898 0.532308 0.438117 0.543077 0.454603 0.561538 0.475764 0.575385 0.492366 0.58 0.502773 0.584615 0.510256 0.595385 0.512123 0.6 0.519606 0.603077 0.508025 0.612308 0.508372 0.613846 0.504159 0.618462 0.497023 0.627692 0.500293 0.633846 0.506372 0.633846 0.494676 0.638462 0.493388 0.643077 0.486367 0.649231 0.489522 0.650769 0.48227 0.661538 0.48706 0.669231 0.482963 0.669231 0.482963 0.669231 0.474191 0.666154 0.471267 0.670769 0.467054 0.68 0.467401 0.684615 0.466112 0.687692 0.46038 0.687692 0.454532 0.689231 0.44728 0.689231 0.44728 0.689231 0.44728 0.689231 0.438508 0.698462 0.441778 0.703077 0.44049 0.706154 0.440605 0.706154 0.437681 0.709231 0.434873 0.706154 0.425985 0.707692 0.418849 0.712308 0.423408 0.712308 0.423408 0.710769 0.418964 0.712308 0.423408 0.710769 0.418964 0.710769 0.413116 0.712308 0.408788 0.712308 0.408788 0.715385 0.411827 0.715385 0.411827 0.715385 0.411827 0.716923 0.410423 0.721538 0.414982 0.721538 0.409135 0.723077 0.410654 0.723077 0.410654 0.723077 0.410654 0.723077 0.404806 0.721538 0.400363 0.721538 0.400363 0.721538 0.403287 0.721538 0.397439 0.721538 0.397439 0.72 0.395919 0.718462 0.391475 0.718462 0.385627 0.718462 0.376855 0.718462 0.376855 0.718462 0.373931 0.72 0.375451 0.721538 0.371123 0.721538 0.371123 0.723077 0.372643 0.723077 0.372643 0.723077 0.375567 0.723077 0.375567 0.721538 0.371123 0.72 0.369603 0.718462 0.365159 0.718462 0.362235 0.72 0.360716 0.721538 0.362235 0.721538 0.356387 0.721538 0.362235 0.721538 0.365159 0.72 0.36364 0.72 0.36364 0.72 0.36364 0.721538 0.365159 0.721538 0.362235 0.723077 0.363755 
0.5 0.497192 0.507692 0.50479 0.521538 0.521392 0.518462 0.515313 0.515385 0.512274 0.530769 0.524547 0.530769 0.521623 0.523077 0.510985 0.518462 0.49473 0.526154 0.493557 0.529231 0.496596 0.529231 0.487824 0.524615 0.474493 0.530769 0.474724 0.535385 0.473435 0.549231 0.487113 0.547692 0.473898 0.558462 0.464068 0.561538 0.464184 0.563077 0.465703 0.576923 0.46757 0.589231 0.45926 0.590769 0.437388 0.598462 0.442063 0.601538 0.439254 0.606154 0.437965 0.612308 0.441236 0.613846 0.428136 0.613846 0.431175 0.612308 0.41796 0.612308 0.403455 0.613846 0.399127 0.615385 0.391875 0.615385 0.383103 0.623077 0.384854 0.630769 0.386605 0.636923 0.383912 0.638462 0.382508 0.641538 0.379699 0.641538 0.379699 0.647692 0.37993 0.647692 0.374082 0.650769 0.371274 0.649231 0.36683 0.652308 0.36987 0.649231 0.366946 0.653846 0.368581 0.658462 0.370216 0.661538 0.367408 0.666154 0.369043 0.670769 0.370678 0.673846 0.370794 0.673846 0.359098 0.673846 0.356174 0.676923 0.359214 0.68 0.359329 0.681538 0.360849 0.68 0.356405 0.68 0.356405 0.681538 0.357925 0.683077 0.356521 0.684615 0.35804 0.681538 0.352077 0.68 0.344709 0.676923 0.344709 0.675385 0.34319 0.675385 0.34319 0.675385 0.340266 0.675385 0.337342 0.675385 0.334418 0.675385 0.325646 0.676923 0.324241 0.675385 0.319913 0.676923 0.315585 0.672308 0.314181 0.675385 0.320144 0.676923 0.31874 0.678462 0.32026 0.676923 0.31874 0.676923 0.31874 0.678462 0.317336 0.68 0.32178 0.68 0.315932 0.681538 0.317451 0.681538 0.317451 0.681538 0.311603 0.683077 0.313123 0.683077 0.313123 0.681538 0.30868 0.678462 0.30868 0.681538 0.311719 0.681538 0.311719 0.678462 0.30868 0.675385 0.30564 0.675385 0.30564 0.673846 0.30412 0.673846 0.30412 0.673846 0.301196 0.673846 0.298272 0.672308 0.296753 
0.498462 0.666276 0.503077 0.65202 0.503077 0.642439 0.512308 0.632974 0.513846 0.615795 0.510769 0.597442 0.52 0.591017 0.518462 0.562372 0.530769 0.541096 0.526154 0.521454 0.535385 0.512451 0.530769 0.490117 0.533846 0.484154 0.538462 0.491521 0.541538 0.479479 0.550769 0.473631 0.552308 0.466148 0.566154 0.464974 0.573846 0.463339 0.581538 0.464859 0.584615 0.462051 0.586154 0.454683 0.592308 0.446026 0.592308 0.443102 0.604615 0.437486 0.613846 0.428945 0.618462 0.436543 0.615385 0.442391 0.621538 0.442623 0.632308 0.441334 0.630769 0.431158 0.632308 0.420982 0.635385 0.41221 0.638462 0.406477 0.643077 0.399225 0.643077 0.396417 0.646154 0.38776 0.644615 0.380392 0.644615 0.380392 0.652308 0.376064 0.655385 0.37314 0.658462 0.373256 0.664615 0.370447 0.663077 0.368928 0.664615 0.364599 0.669231 0.372083 0.670769 0.373602 0.672308 0.372198 0.673846 0.373718 0.672308 0.369274 0.672308 0.369274 0.672308 0.375122 0.672308 0.378162 0.672308 0.378162 0.673846 0.37091 0.675385 0.372429 0.675385 0.369505 0.675385 0.369505 0.675385 0.366581 0.673846 0.365062 0.673846 0.365062 0.675385 0.366581 0.675385 0.363657 0.678462 0.369621 0.68 0.371141 0.68 0.368217 0.68 0.368217 0.681538 0.366812 0.683077 0.365408 0.681538 0.35804 0.68 0.353597 0.678462 0.355001 0.678462 0.355001 0.676923 0.344709 0.678462 0.343305 0.678462 0.346345 0.678462 0.346345 0.678462 0.343421 0.68 0.34494 0.68 0.34494 0.678462 0.343421 0.68 0.347864 0.68 0.347864 0.681538 0.349384 0.684615 0.352424 0.684615 0.3495 0.686154 0.351019 0.687692 0.352539 0.689231 0.354059 0.689231 0.348211 0.690769 0.349731 0.690769 0.349731 0.690769 0.346807 0.692308 0.348326 0.692308 0.35125 0.692308 0.345403 0.693846 0.343998 0.695385 0.342594 0.693846 0.346922 0.693846 0.346922 
0.498462 0.829983 0.524615 0.812919 0.533846 0.788372 0.530769 0.772943 0.54 0.745587 0.56 0.72887 0.566154 0.713672 0.572308 0.701283 0.586154 0.690876 0.586154 0.67591 0.586154 0.657788 0.596923 0.652998 0.603077 0.641071 0.615385 0.617563 0.616923 0.615928 0.623077 0.615928 0.632308 0.601077 0.632308 0.592074 0.632308 0.583187 0.633846 0.575935 0.636923 0.564123 0.636923 0.549157 0.643077 0.540385 0.647692 0.530093 0.644615 0.521205 0.647692 0.512549 0.650769 0.497814 0.649231 0.487406 0.647692 0.477115 0.643077 0.452088 0.643077 0.449048 0.641538 0.44168 0.647692 0.438872 0.644615 0.429985 0.644615 0.427061 0.64 0.419577 0.649231 0.416769 0.647692 0.397705 0.655385 0.396417 0.656923 0.389049 0.661538 0.390684 0.661538 0.384836 0.661538 0.381912 0.663077 0.380508 0.663077 0.377584 0.663077 0.371736 0.666154 0.371852 0.666154 0.368928 0.669231 0.366119 0.675385 0.360387 0.678462 0.36939 0.681538 0.372429 0.683077 0.362253 0.684615 0.366697 0.684615 0.355001 0.690769 0.358156 0.693846 0.36412 0.696923 0.367159 0.698462 0.362831 0.696923 0.355463 0.695385 0.353943 0.7 0.352655 0.698462 0.345403 0.7 0.343998 0.7 0.341074 0.701538 0.333707 0.701538 0.324935 0.701538 0.322011 0.703077 0.32353 0.703077 0.320606 0.7 0.317567 0.703077 0.320606 0.703077 0.320606 0.701538 0.316163 0.703077 0.314759 0.704615 0.310315 0.706154 0.311835 0.706154 0.308911 0.704615 0.304582 0.701538 0.304582 0.698462 0.298619 0.698462 0.298619 0.696923 0.300139 0.696923 0.300139 0.695385 0.298619 0.695385 0.298619 0.695385 0.298619 0.695385 0.301543 0.692308 0.295579 0.692308 0.292655 0.692308 0.292655 0.690769 0.291136 0.690769 0.29406 0.692308 0.292655 0.692308 0.292655 0.692308 0.292655 0.692308 0.292655 0.692308 0.292655 0.692308 0.292655 0.693846 0.294175 
0.496923 0.995556 0.510769 0.951483 0.518462 0.916644 0.527692 0.88321 0.553846 0.851295 0.569231 0.830134 0.578462 0.808857 0.587692 0.787812 0.590769 0.760918 0.593846 0.748991 0.603077 0.731332 0.626154 0.720925 0.629231 0.712153 0.627692 0.692742 0.632308 0.673448 0.64 0.660001 0.638462 0.64363 0.644615 0.637667 0.646154 0.615448 0.652308 0.606676 0.658462 0.600828 0.667692 0.603868 0.678462 0.590652 0.684615 0.58188 0.687692 0.58188 0.687692 0.570069 0.690769 0.567145 0.692308 0.559893 0.696923 0.549601 0.7 0.549601 0.698462 0.539309 0.695385 0.527382 0.703077 0.523054 0.703077 0.508434 0.709231 0.499547 0.718462 0.499662 0.721538 0.49089 0.721538 0.484927 0.726154 0.489486 0.729231 0.486562 0.732308 0.483754 0.730769 0.47931 0.729231 0.483754 0.732308 0.486793 0.732308 0.486793 0.729231 0.48083 0.733846 0.482465 0.732308 0.478021 0.733846 0.473693 0.735385 0.463517 0.735385 0.451821 0.735385 0.448897 0.732308 0.442934 0.730769 0.43849 0.732308 0.44001 0.732308 0.434162 0.730769 0.429718 0.730769 0.429718 0.730769 0.429718 0.732308 0.42539 0.732308 0.42539 0.730769 0.420946 0.729231 0.419426 0.729231 0.419426 0.730769 0.418022 0.730769 0.412174 0.730769 0.40925 0.730769 0.40925 0.730769 0.406326 0.729231 0.401882 0.729231 0.396034 0.729231 0.39311 0.727692 0.388667 0.732308 0.393226 0.732308 0.393226 0.730769 0.391706 0.733846 0.394746 0.733846 0.394746 0.733846 0.394746 0.736923 0.397785 0.738462 0.399305 0.738462 0.393457 0.741538 0.393573 0.74 0.392053 0.738462 0.387609 0.738462 0.387609 0.738462 0.390533 0.74 0.392053 0.743077 0.389129 0.74 0.386089 0.738462 0.375798 0.738462 0.375798 0.738462 0.375798 0.738462 0.378722 0.738462 0.375798 0.736923 0.377202 0.736923 0.377202 0.733846 0.371238 0.735385 0.372758 0.735385 0.372758 
0.664615 -0.00428376 0.692308 0.0961713 0.692308 0.142955 0.706154 0.20634 0.723077 0.261069 0.733846 0.315567 0.753846 0.36164 0.756923 0.396843 0.769231 0.435317 0.78 0.475195 0.784615 0.503146 0.789231 0.531097 0.795385 0.557644 0.8 0.579747 0.804615 0.598926 0.82 0.62582 0.821538 0.644883 0.833846 0.659966 0.846154 0.683819 0.849231 0.704403 0.858462 0.719369 0.866154 0.73574 0.866154 0.73574 0.866154 0.738664 0.870769 0.740299 0.873846 0.749187 0.878462 0.762518 0.878462 0.765442 0.881538 0.768481 0.889231 0.77608 0.892308 0.782044 0.892308 0.776196 0.893846 0.774792 0.896923 0.774907 0.9 0.780871 0.901538 0.78239 0.904615 0.78543 0.912308 0.790105 0.913846 0.7887 0.913846 0.7887 0.916923 0.79174 0.92 0.791856 0.92 0.791856 0.921538 0.787527 0.92 0.783084 0.921538 0.781679 0.924615 0.781795 0.930769 0.78495 0.932308 0.783546 0.935385 0.780737 0.935385 0.780737 0.935385 0.769041 0.935385 0.769041 0.936923 0.779333 0.936923 0.779333 0.938462 0.780853 0.938462 0.783777 0.936923 0.782257 0.936923 0.782257 0.932308 0.774774 0.930769 0.77033 0.929231 0.76881 0.929231 0.76881 0.929231 0.765886 0.929231 0.765886 0.926154 0.762847 0.926154 0.762847 0.923077 0.759807 0.921538 0.743668 0.92 0.742148 0.92 0.739224 0.92 0.739224 0.918462 0.731856 0.916923 0.727413 0.915385 0.725893 0.912308 0.722853 0.910769 0.721333 0.910769 0.721333 0.907692 0.718294 0.907692 0.712446 0.906154 0.710926 0.906154 0.705078 0.903077 0.699115 0.9 0.696075 0.898462 0.688708 0.896923 0.687188 0.898462 0.688708 0.898462 0.691632 0.896923 0.690112 0.893846 0.687072 0.892308 0.685553 0.892308 0.685553 0.890769 0.678185 0.889231 0.673741 0.887692 0.672221 0.887692 0.669297 0.886154 0.670702 0.886154 0.667778 0.887692 0.666373 0.884615 0.66041 
0.666154 0.163903 0.681538 0.231732 0.707692 0.289731 0.721538 0.335573 0.729231 0.392879 0.74 0.435681 0.766154 0.487833 0.775385 0.520343 0.778462 0.538003 0.789231 0.566185 0.806154 0.609218 0.804615 0.61647 0.818462 0.635996 0.829231 0.664178 0.832308 0.684762 0.847692 0.714579 0.856923 0.71785 0.866154 0.724044 0.869231 0.732932 0.872308 0.738895 0.876923 0.743454 0.88 0.74357 0.883077 0.749533 0.883077 0.749533 0.889231 0.76146 0.892308 0.7645 0.889231 0.752688 0.890769 0.760056 0.892308 0.761576 0.892308 0.758652 0.887692 0.751169 0.889231 0.749764 0.895385 0.75292 0.901538 0.764847 0.903077 0.757594 0.9 0.751631 0.901538 0.747303 0.907692 0.753382 0.907692 0.747534 0.903077 0.737127 0.903077 0.734203 0.901538 0.726835 0.9 0.722391 0.898462 0.720871 0.898462 0.720871 0.898462 0.720871 0.895385 0.711984 0.893846 0.710464 0.890769 0.704501 0.890769 0.701577 0.890769 0.695729 0.890769 0.695729 0.889231 0.688361 0.889231 0.685437 0.887692 0.683917 0.889231 0.682513 0.887692 0.678069 0.887692 0.678069 0.887