Q 3
deviation 0.1
b 0.5
N 1000
maxNrIterations 10
updateAsynch 0
xMin 0
xMax 0.12
dimX 100
data_begin
0 1.00298
0.0012 1.01488
0.0024 0.989583
0.0036 1.01339
0.0048 1.03869
0.006 0.977679
0.0072 1.0253
0.0084 0.974702
0.0096 0.983631
0.0108 0.997024
0.012 0.977679
0.0132 1.0506
0.0144 0.983631
0.0156 1.00744
0.0168 0.983631
0.018 0.974702
0.0192 0.99256
0.0204 0.946429
0.0216 0.936012
0.0228 0.938988
0.024 0.99256
0.0252 1.01339
0.0264 1.00298
0.0276 0.953869
0.0288 0.96875
0.03 0.983631
0.0312 0.967262
0.0324 0.998512
0.0336 0.96131
0.0348 0.989583
0.036 0.973214
0.0372 0.979167
0.0384 0.998512
0.0396 0.96131
0.0408 1.01042
0.042 0.99256
0.0432 0.964286
0.0444 0.97619
0.0456 0.559524
0.0468 0.986607
0.048 0.980655
0.0492 0.763393
0.0504 0.55506
0.0516 1
0.0528 0.980655
0.054 0.675595
0.0552 0.571429
0.0564 0.410714
0.0576 1.00893
0.0588 0.418155
0.06 0.504464
0.0612 0.541667
0.0624 0.5625
0.0636 0.552083
0.0648 0.386905
0.066 0.459821
0.0672 0.458333
0.0684 0.46131
0.0696 0.540179
0.0708 0.473214
0.072 0.568452
0.0732 0.308036
0.0744 0.741071
0.0756 0.535714
0.0768 0.547619
0.078 0.471726
0.0792 0.443452
0.0804 0.653274
0.0816 0.578869
0.0828 0.363095
0.084 0.287202
0.0852 0.419643
0.0864 0.528274
0.0876 0.482143
0.0888 0.41369
0.09 0.400298
0.0912 0.412202
0.0924 0.474702
0.0936 0.549107
0.0948 0.455357
0.096 0.345238
0.0972 0.238095
0.0984 0.434524
0.0996 0.516369
0.1008 0.294643
0.102 0.284226
0.1032 0.375
0.1044 0.270833
0.1056 0.348214
0.1068 0.513393
0.108 0.284226
0.1092 0.373512
0.1104 0.41369
0.1116 0.489583
0.1128 0.247024
0.114 0.331845
0.1152 0.355655
0.1164 0.333333
0.1176 0.543155
0.1188 0.348214
