alfa 0.09
temp 0.11
N 500
maxNrIterations 10000
updateAsynch 1
dimX 100
yMin 0
yMax 1
dimY 10
data_begin
0 1 100 1 200 1 300 1 400 1 500 1 600 1 700 1 800 1 900 1 1000 0.996 1100 0.996 1200 0.996 1300 0.996 1400 0.996 1500 0.992 1600 0.996 1700 1 1800 1 1900 1 2000 1 2100 1 2200 1 2300 1 2400 1 2500 1 2600 1 2700 1 2800 1 2900 1 3000 1 3100 1 3200 1 3300 1 3400 1 3500 1 3600 1 3700 1 3800 0.996 3900 0.996 4000 0.996 4100 1 4200 0.996 4300 0.996 4400 0.996 4500 0.996 4600 0.996 4700 0.996 4800 0.996 4900 1 5000 1 5100 0.996 5200 0.996 5300 0.996 5400 1 5500 1 5600 0.996 5700 0.996 5800 0.996 5900 0.996 6000 0.996 6100 0.996 6200 1 6300 1 6400 1 6500 1 6600 1 6700 1 6800 1 6900 1 7000 1 7100 0.996 7200 0.996 7300 0.992 7400 0.988 7500 0.988 7600 0.992 7700 0.992 7800 0.992 7900 0.992 8000 0.992 8100 0.992 8200 0.992 8300 1 8400 1 8500 1 8600 1 8700 1 8800 1 8900 1 9000 1 9100 1 9200 1 9300 1 9400 1 9500 1 9600 1 9700 1 9800 1 9900 1 
0 0.808 100 0.852 200 0.86 300 0.884 400 0.912 500 0.944 600 0.948 700 0.948 800 0.956 900 0.956 1000 0.972 1100 0.972 1200 0.976 1300 0.976 1400 0.976 1500 0.98 1600 0.984 1700 0.984 1800 0.984 1900 0.984 2000 0.984 2100 0.988 2200 0.992 2300 0.996 2400 0.996 2500 0.996 2600 0.996 2700 0.996 2800 0.996 2900 0.996 3000 0.996 3100 0.996 3200 0.996 3300 0.996 3400 0.996 3500 0.996 3600 0.996 3700 0.996 3800 0.996 3900 0.996 4000 0.996 4100 0.996 4200 0.996 4300 1 4400 1 4500 1 4600 0.996 4700 0.996 4800 1 4900 1 5000 1 5100 1 5200 0.996 5300 0.996 5400 0.996 5500 0.996 5600 0.996 5700 0.996 5800 0.996 5900 0.996 6000 0.996 6100 0.996 6200 0.996 6300 0.996 6400 0.996 6500 0.996 6600 0.996 6700 0.996 6800 0.996 6900 0.996 7000 0.996 7100 1 7200 0.996 7300 0.996 7400 0.996 7500 0.996 7600 0.996 7700 0.996 7800 0.996 7900 0.996 8000 0.996 8100 0.996 8200 0.996 8300 0.996 8400 1 8500 1 8600 1 8700 1 8800 1 8900 1 9000 1 9100 0.996 9200 0.996 9300 0.996 9400 0.996 9500 0.996 9600 0.996 9700 0.996 9800 0.996 9900 0.996 
0 0.664 100 0.704 200 0.744 300 0.768 400 0.772 500 0.796 600 0.816 700 0.824 800 0.832 900 0.856 1000 0.86 1100 0.884 1200 0.9 1300 0.904 1400 0.904 1500 0.912 1600 0.916 1700 0.92 1800 0.94 1900 0.948 2000 0.956 2100 0.956 2200 0.964 2300 0.964 2400 0.968 2500 0.968 2600 0.972 2700 0.976 2800 0.976 2900 0.984 3000 0.984 3100 0.984 3200 0.984 3300 0.992 3400 0.992 3500 0.992 3600 0.992 3700 0.996 3800 0.996 3900 0.996 4000 0.996 4100 0.996 4200 1 4300 0.996 4400 0.996 4500 0.996 4600 0.996 4700 0.996 4800 0.996 4900 1 5000 1 5100 1 5200 0.996 5300 0.996 5400 0.996 5500 0.996 5600 0.996 5700 0.996 5800 0.996 5900 0.996 6000 0.996 6100 0.996 6200 0.996 6300 0.992 6400 0.992 6500 0.992 6600 0.992 6700 0.996 6800 0.996 6900 0.996 7000 0.996 7100 0.996 7200 0.996 7300 0.996 7400 0.996 7500 0.996 7600 0.992 7700 0.996 7800 0.996 7900 0.996 8000 0.996 8100 0.996 8200 0.996 8300 0.996 8400 0.996 8500 0.996 8600 0.996 8700 0.996 8800 0.996 8900 0.996 9000 0.996 9100 0.992 9200 0.992 9300 0.992 9400 0.996 9500 0.992 9600 0.996 9700 0.996 9800 0.996 9900 0.992 
0 0.536 100 0.632 200 0.684 300 0.728 400 0.76 500 0.788 600 0.82 700 0.844 800 0.864 900 0.884 1000 0.912 1100 0.92 1200 0.936 1300 0.94 1400 0.944 1500 0.968 1600 0.976 1700 0.984 1800 0.984 1900 0.992 2000 0.996 2100 0.996 2200 0.996 2300 0.996 2400 0.996 2500 0.996 2600 0.996 2700 0.996 2800 0.996 2900 0.996 3000 0.996 3100 0.996 3200 0.992 3300 0.996 3400 0.996 3500 0.996 3600 0.996 3700 0.996 3800 0.996 3900 1 4000 1 4100 1 4200 1 4300 1 4400 1 4500 1 4600 1 4700 1 4800 0.996 4900 0.996 5000 0.996 5100 0.996 5200 0.996 5300 0.996 5400 0.996 5500 0.996 5600 0.996 5700 0.996 5800 0.996 5900 0.996 6000 0.996 6100 0.996 6200 0.996 6300 0.996 6400 0.996 6500 0.996 6600 0.996 6700 0.996 6800 0.996 6900 0.996 7000 1 7100 0.996 7200 0.996 7300 0.996 7400 0.996 7500 0.996 7600 1 7700 0.996 7800 0.996 7900 0.996 8000 1 8100 1 8200 1 8300 1 8400 1 8500 1 8600 1 8700 1 8800 1 8900 1 9000 1 9100 1 9200 0.996 9300 0.996 9400 1 9500 1 9600 1 9700 1 9800 1 9900 1 
0 0.408 100 0.448 200 0.56 300 0.628 400 0.684 500 0.732 600 0.768 700 0.764 800 0.788 900 0.784 1000 0.8 1100 0.804 1200 0.816 1300 0.828 1400 0.836 1500 0.84 1600 0.824 1700 0.832 1800 0.856 1900 0.864 2000 0.868 2100 0.872 2200 0.876 2300 0.88 2400 0.88 2500 0.884 2600 0.884 2700 0.892 2800 0.888 2900 0.876 3000 0.88 3100 0.888 3200 0.888 3300 0.888 3400 0.892 3500 0.892 3600 0.896 3700 0.9 3800 0.904 3900 0.908 4000 0.916 4100 0.924 4200 0.932 4300 0.936 4400 0.94 4500 0.948 4600 0.964 4700 0.968 4800 0.968 4900 0.976 5000 0.98 5100 0.984 5200 0.988 5300 0.988 5400 0.992 5500 0.996 5600 0.996 5700 0.996 5800 0.996 5900 0.996 6000 0.996 6100 0.996 6200 0.996 6300 0.996 6400 1 6500 1 6600 1 6700 1 6800 1 6900 1 7000 1 7100 1 7200 0.996 7300 0.996 7400 0.996 7500 1 7600 1 7700 1 7800 1 7900 1 8000 1 8100 1 8200 1 8300 0.996 8400 0.996 8500 0.996 8600 0.996 8700 0.996 8800 0.992 8900 0.996 9000 0.996 9100 0.996 9200 0.996 9300 0.996 9400 0.996 9500 0.996 9600 0.996 9700 0.996 9800 0.996 9900 0.996 
0 0.364 100 0.492 200 0.528 300 0.568 400 0.62 500 0.692 600 0.752 700 0.776 800 0.808 900 0.848 1000 0.86 1100 0.876 1200 0.888 1300 0.896 1400 0.908 1500 0.916 1600 0.916 1700 0.936 1800 0.936 1900 0.944 2000 0.944 2100 0.952 2200 0.96 2300 0.96 2400 0.96 2500 0.968 2600 0.972 2700 0.972 2800 0.98 2900 0.98 3000 0.984 3100 0.98 3200 0.988 3300 0.988 3400 0.992 3500 0.992 3600 1 3700 1 3800 1 3900 1 4000 1 4100 1 4200 1 4300 1 4400 1 4500 1 4600 1 4700 1 4800 1 4900 1 5000 1 5100 1 5200 1 5300 1 5400 1 5500 1 5600 1 5700 0.996 5800 0.996 5900 0.996 6000 0.996 6100 0.996 6200 0.996 6300 0.996 6400 0.996 6500 0.996 6600 0.996 6700 0.996 6800 1 6900 1 7000 1 7100 1 7200 1 7300 1 7400 0.996 7500 0.996 7600 0.996 7700 0.996 7800 0.996 7900 0.996 8000 0.996 8100 0.992 8200 0.992 8300 0.992 8400 0.992 8500 0.992 8600 0.992 8700 0.992 8800 0.988 8900 0.988 9000 0.988 9100 0.988 9200 0.988 9300 0.992 9400 0.992 9500 0.992 9600 0.992 9700 0.992 9800 0.992 9900 0.992 
0 0.336 100 0.428 200 0.504 300 0.576 400 0.604 500 0.616 600 0.64 700 0.68 800 0.708 900 0.728 1000 0.748 1100 0.76 1200 0.788 1300 0.792 1400 0.796 1500 0.796 1600 0.804 1700 0.804 1800 0.816 1900 0.82 2000 0.824 2100 0.828 2200 0.844 2300 0.84 2400 0.844 2500 0.852 2600 0.86 2700 0.864 2800 0.864 2900 0.868 3000 0.868 3100 0.864 3200 0.872 3300 0.876 3400 0.876 3500 0.88 3600 0.9 3700 0.912 3800 0.912 3900 0.916 4000 0.92 4100 0.92 4200 0.928 4300 0.924 4400 0.924 4500 0.936 4600 0.944 4700 0.948 4800 0.956 4900 0.96 5000 0.976 5100 0.98 5200 0.984 5300 0.984 5400 0.984 5500 0.984 5600 0.984 5700 0.992 5800 0.988 5900 0.988 6000 0.988 6100 0.992 6200 0.992 6300 0.992 6400 0.992 6500 0.996 6600 0.996 6700 0.996 6800 0.996 6900 0.996 7000 1 7100 1 7200 1 7300 1 7400 1 7500 1 7600 1 7700 1 7800 1 7900 1 8000 1 8100 1 8200 0.996 8300 0.996 8400 0.996 8500 0.996 8600 0.996 8700 0.996 8800 0.996 8900 0.996 9000 0.992 9100 0.992 9200 0.992 9300 0.992 9400 0.988 9500 0.988 9600 0.988 9700 0.988 9800 0.992 9900 0.992 
0 0.256 100 0.36 200 0.432 300 0.476 400 0.528 500 0.596 600 0.632 700 0.672 800 0.688 900 0.712 1000 0.732 1100 0.748 1200 0.772 1300 0.788 1400 0.808 1500 0.812 1600 0.82 1700 0.816 1800 0.816 1900 0.824 2000 0.824 2100 0.816 2200 0.828 2300 0.828 2400 0.836 2500 0.836 2600 0.84 2700 0.84 2800 0.832 2900 0.836 3000 0.844 3100 0.848 3200 0.852 3300 0.852 3400 0.844 3500 0.84 3600 0.84 3700 0.836 3800 0.832 3900 0.836 4000 0.844 4100 0.848 4200 0.856 4300 0.856 4400 0.856 4500 0.86 4600 0.86 4700 0.844 4800 0.852 4900 0.856 5000 0.856 5100 0.856 5200 0.856 5300 0.856 5400 0.852 5500 0.852 5600 0.848 5700 0.852 5800 0.852 5900 0.86 6000 0.848 6100 0.852 6200 0.844 6300 0.84 6400 0.84 6500 0.832 6600 0.836 6700 0.832 6800 0.836 6900 0.832 7000 0.836 7100 0.848 7200 0.848 7300 0.844 7400 0.844 7500 0.844 7600 0.848 7700 0.852 7800 0.856 7900 0.848 8000 0.844 8100 0.852 8200 0.856 8300 0.848 8400 0.852 8500 0.86 8600 0.864 8700 0.86 8800 0.864 8900 0.86 9000 0.864 9100 0.856 9200 0.856 9300 0.856 9400 0.852 9500 0.848 9600 0.856 9700 0.848 9800 0.84 9900 0.848 
0 0.196 100 0.208 200 0.232 300 0.26 400 0.276 500 0.296 600 0.308 700 0.316 800 0.336 900 0.344 1000 0.352 1100 0.348 1200 0.336 1300 0.332 1400 0.356 1500 0.34 1600 0.324 1700 0.312 1800 0.308 1900 0.292 2000 0.272 2100 0.26 2200 0.244 2300 0.236 2400 0.228 2500 0.224 2600 0.216 2700 0.204 2800 0.192 2900 0.188 3000 0.188 3100 0.196 3200 0.192 3300 0.196 3400 0.212 3500 0.212 3600 0.216 3700 0.22 3800 0.22 3900 0.212 4000 0.212 4100 0.208 4200 0.208 4300 0.216 4400 0.208 4500 0.204 4600 0.196 4700 0.18 4800 0.188 4900 0.18 5000 0.168 5100 0.164 5200 0.16 5300 0.152 5400 0.148 5500 0.156 5600 0.148 5700 0.148 5800 0.148 5900 0.144 6000 0.144 6100 0.14 6200 0.14 6300 0.14 6400 0.148 6500 0.152 6600 0.148 6700 0.148 6800 0.148 6900 0.148 7000 0.152 7100 0.156 7200 0.156 7300 0.152 7400 0.152 7500 0.144 7600 0.148 7700 0.148 7800 0.148 7900 0.148 8000 0.148 8100 0.148 8200 0.152 8300 0.156 8400 0.156 8500 0.16 8600 0.156 8700 0.144 8800 0.144 8900 0.14 9000 0.14 9100 0.144 9200 0.144 9300 0.144 9400 0.144 9500 0.152 9600 0.156 9700 0.156 9800 0.156 9900 0.152 
0 0.152 100 0.152 200 0.224 300 0.236 400 0.26 500 0.292 600 0.312 700 0.356 800 0.348 900 0.356 1000 0.364 1100 0.372 1200 0.372 1300 0.372 1400 0.368 1500 0.392 1600 0.38 1700 0.392 1800 0.38 1900 0.388 2000 0.388 2100 0.388 2200 0.372 2300 0.36 2400 0.364 2500 0.36 2600 0.356 2700 0.348 2800 0.344 2900 0.32 3000 0.308 3100 0.312 3200 0.304 3300 0.308 3400 0.3 3500 0.316 3600 0.308 3700 0.296 3800 0.3 3900 0.3 4000 0.296 4100 0.296 4200 0.296 4300 0.296 4400 0.28 4500 0.3 4600 0.308 4700 0.312 4800 0.312 4900 0.308 5000 0.316 5100 0.32 5200 0.32 5300 0.328 5400 0.336 5500 0.328 5600 0.328 5700 0.32 5800 0.332 5900 0.34 6000 0.336 6100 0.324 6200 0.32 6300 0.316 6400 0.32 6500 0.332 6600 0.336 6700 0.328 6800 0.32 6900 0.32 7000 0.328 7100 0.328 7200 0.324 7300 0.332 7400 0.332 7500 0.328 7600 0.34 7700 0.348 7800 0.348 7900 0.344 8000 0.332 8100 0.316 8200 0.328 8300 0.324 8400 0.336 8500 0.332 8600 0.34 8700 0.352 8800 0.36 8900 0.36 9000 0.352 9100 0.356 9200 0.36 9300 0.356 9400 0.36 9500 0.352 9600 0.352 9700 0.352 9800 0.356 9900 0.352 
0 0.168 100 0.2 200 0.272 300 0.304 400 0.284 500 0.296 600 0.312 700 0.3 800 0.292 900 0.34 1000 0.336 1100 0.328 1200 0.316 1300 0.288 1400 0.276 1500 0.276 1600 0.284 1700 0.276 1800 0.276 1900 0.272 2000 0.272 2100 0.276 2200 0.264 2300 0.26 2400 0.26 2500 0.244 2600 0.248 2700 0.228 2800 0.228 2900 0.236 3000 0.236 3100 0.244 3200 0.244 3300 0.248 3400 0.236 3500 0.224 3600 0.228 3700 0.224 3800 0.232 3900 0.236 4000 0.244 4100 0.236 4200 0.236 4300 0.24 4400 0.248 4500 0.244 4600 0.228 4700 0.228 4800 0.236 4900 0.24 5000 0.24 5100 0.244 5200 0.252 5300 0.256 5400 0.244 5500 0.26 5600 0.248 5700 0.244 5800 0.228 5900 0.228 6000 0.228 6100 0.224 6200 0.22 6300 0.212 6400 0.216 6500 0.208 6600 0.204 6700 0.2 6800 0.208 6900 0.212 7000 0.208 7100 0.204 7200 0.192 7300 0.192 7400 0.192 7500 0.192 7600 0.192 7700 0.192 7800 0.192 7900 0.188 8000 0.184 8100 0.192 8200 0.192 8300 0.192 8400 0.188 8500 0.176 8600 0.18 8700 0.184 8800 0.184 8900 0.172 9000 0.176 9100 0.168 9200 0.168 9300 0.172 9400 0.176 9500 0.18 9600 0.172 9700 0.164 9800 0.168 9900 0.168 
